nstates
10
marks
H3K4me3	H3K4me1	H3K27ac	H3K27me3	H3K79me3	H3	ATAC
emisP
1.90095676120571	74.4132112431873	41.4266374387111	24.006396351061	3.73522011519635	69.9063905940047	10.0768129156149	5.45865597836197
1.90095676120571	169.865483890105	12.5441298314461	45.2627995524133	2.67113345473512	41.1471714496541	5.81303838712376	7.4370242660888
1.90095676120571	41.1740212264497	18.7693520565283	20.4083177183084	1.83915393303379	12.6387969092433	5.64367974679972	28.9710880120915
1.90095676120571	3.42577111409106	22.264141092068	12.7042280203022	3.57131360416405	33.2111814280629	8.27022493795891	8.53706111700208
1.90095676120571	1.80474587348844	15.2386003373977	7.42953673764442	43.414698650378	4.83583495497647	8.0264028174761	6.74873088587979
1.90095676120571	1.93242050442933	6.29161262267731	5.69645342948089	4.77176216908535	3.71195536417037	10.7238726292608	0.0672227147207097
1.90095676120571	2.59300609490092	20.1335789891767	14.8989107841321	2.50113860531842	5.19385463195253	7.24109728650377	1.38259314163332
1.90095676120571	1.61436360716593	9.15246486540996	8.54619026619591	4.70148310480086	3.5493656852804	9.8872200524927	10.247696654939
1.90095676120571	1.42425674812589	6.08098335419291	6.08335675278129	4.11510750904597	3.46537957749155	6.89214491184291	29.8883328812857
1.90095676120571	1.18364635660775	3.73624644191786	4.14659030902997	2.5224365513906	2.37396739743338	4.72401764508683	98.6607228370828
transP
0.771314376219538	0.0637382142862328	0.0295867645323837	0.0514349523252722	0.0016290638052004	0.0186197188910179	0.062866594958685	0.00073633964622652	6.25043774625263e-05	1.14709579809127e-05
0.0507782502505554	0.878733600235931	0.0500523012210058	0.0003481273324199	0.000450946278500392	0.00945311325513185	0.0094298437636117	0.000277581450136873	0.000434872948683332	4.13632640243046e-05
0.0292474710954799	0.0578008852090523	0.652611334732711	0.0295808870646578	0.00357530823206921	0.00056017528878224	0.0302669866833173	0.105422680509453	0.0806784847124982	0.0102557864719792
0.0164312742244827	0.000114162661364433	0.00959904086434545	0.758839426916288	0.00895309587665459	0.0283434466779982	0.0701534622943629	0.0816139884340747	0.0256225425649355	0.000329559485493067
0.000424373899100819	0.000138428578932611	0.00105802300740356	0.00801467223209661	0.79835325262919	0.0627271704770455	0.0191029767683934	0.0799345377248293	0.029664155897374	0.000582408785634003
0.00118288350501494	0.000721903824096919	4.26142833063541e-05	0.00567784911729869	0.0141769812860309	0.943157323754079	0.0273442863327636	0.00754649743011228	0.000106733906619122	4.29265606785175e-05
0.0113017517305502	0.00202640674169277	0.00549546504604369	0.0395495723745844	0.012120499812974	0.0769610217677591	0.815271541834602	0.0368916649823725	0.000350598962323805	3.14767470970053e-05
6.25984140121754e-05	1.86932117838125e-05	0.00759004054790931	0.0184805234230034	0.020502239005884	0.00852898266748708	0.0149524392746043	0.829554933663297	0.0997664375282554	0.00054311226376296
9.48921830765109e-06	4.75436153557046e-05	0.00705380957298882	0.00696159551614992	0.00898311898613446	0.000159472055405896	0.000156655539463043	0.119073493211897	0.786854016075462	0.0707008062088355
6.21151288713638e-06	1.31678510948321e-05	0.00255981378970689	0.000238093684824175	0.000535443972374175	0.00015448484194196	3.95513396398185e-05	0.00191009142037067	0.209361117175266	0.785182024411894
initP
1.72962486093937e-304	1.72759012114653e-280	2.40722125120103e-284	4.98382604108698e-285	2.60670659883306e-278	2.52295920479698e-281	1	0	1.83469796744333e-285	9.03958450260017e-237	1.71407316434928e-285	1.48671779388429e-276	2.92659935531255e-283	1	1.72915555023939e-304	4.52822966531487e-284	2.08676448983051e-304	2.19602742453307e-285	2.92141362975588e-278	7.77014054051267e-285	3.00928829437049e-119	8.51770577787707e-197	0	2.14701440647683e-304	1.62435753178859e-285	1.49818598260415e-283	2.69725910952865e-216	0	0	0	0	8.2458509211427e-263	0	0	0	1.10347830833292e-238	5.40810812188949e-316	1.55834424145293e-70	0	0	0	1.07763625022114e-55
0	0	0	0	0	0	6.17619786134313e-73	0	0	4.45436120718541e-312	0	0	0	8.7237042024477e-25	0	0	0	0	0	0	1.2927122196693e-37	4.61645574788652e-245	0	0	0	0	5.91970729629978e-244	0	0	0	0	0	0	0	0	0	0	2.49090890369639e-174	0	0	0	0
4.4206928943065e-234	0	5.4748080906094e-216	0	1.39281895937852e-307	1.32517432121297e-295	7.82430681186554e-85	3.72676592783193e-192	0	3.94657039974549e-174	0	3.60250389560264e-267	0	2.77528660741215e-50	4.42060104934809e-234	0	4.70956980785683e-234	0	2.69063965867908e-305	0	1	5.19992074053182e-127	0	4.74640531594253e-234	0	8.04450184520347e-312	1.69013018760451e-309	0	0	0	0	0	0	0	3.82458622560511e-289	2.66377250522147e-212	0	1.01241941796087e-88	0	0	0	3.35705321195819e-264
1.36425897328422e-177	2.81393159575193e-198	3.54802460455746e-164	4.0612590780366e-205	2.59827786224554e-195	3.4451702174416e-194	1.94545202746609e-250	1.161025067778e-170	9.92173566076682e-206	1.69625638201454e-124	9.99166329450051e-206	3.76686412163247e-189	3.2152216870904e-200	9.26255257553229e-86	1.36415224901153e-177	4.68145537298891e-204	1.46790440790009e-177	1.44595449675977e-205	4.41109100424151e-195	6.1091206114679e-204	1.3496160793551e-211	1.44395746775772e-153	1.53587209686755e-255	1.48701420108379e-177	8.80485186826143e-206	7.10073915842433e-199	3.90491992416216e-220	9.25607845117786e-309	3.83731390050814e-230	2.11760526182132e-279	3.29662724658153e-288	8.72690656258852e-166	2.1615163939885e-173	3.38876444963006e-263	5.83692219591461e-299	1.08233661790074e-104	6.41616093077677e-193	4.62562068360732e-13	8.06922237284208e-312	1.18091893111155e-264	4.95615208492504e-268	2.94546864978736e-10
1	2.29703833263292e-168	1	2.30496364984933e-172	6.3175527122512e-167	4.22074069882439e-72	0	1	4.29997529876299e-174	0.994712853778007	4.38737591266443e-174	8.91331727783881e-164	5.27591695856262e-173	3.73942134908214e-211	1	2.0013131455692e-173	1	5.24155150814898e-174	8.83329059016988e-167	5.02816899443689e-171	1.71424305639171e-247	1	3.12016192449022e-124	1	4.214706292151e-174	9.00209266827651e-89	1.91425690525847e-212	6.94671268859425e-196	2.98705032672184e-07	6.67239578495681e-277	2.01528010518892e-231	3.29386405883227e-226	2.77776300209057e-221	8.41284854188479e-151	0	1	3.05021885419647e-249	5.32001805778243e-06	9.05895907363766e-91	6.49805814989031e-235	8.97191615120524e-42	7.98995608932369e-18
2.75646073340964e-85	1	4.48772832631176e-42	1	1	1	2.1286214117817e-245	9.35306558735033e-220	1	0.00528714622199256	1	1	1	3.17576450893979e-94	2.75246554878594e-85	1	7.62689830407731e-85	1	1	1	2.41719511914677e-256	3.45844947553637e-46	1	8.67101784787423e-85	1	1	1	1	0.999999701294967	1	1	1	1	1	9.69574662583838e-20	1.04212830578349e-59	1	0.99999467998148	1	1	1	0.999999999705453
4.54297513204753e-130	5.12282392478634e-124	5.3297716683928e-109	4.82622434493754e-134	7.84525484236632e-119	2.74912829561432e-127	3.40318138854118e-207	5.71682412772646e-168	1.83138221689892e-135	9.91651903640948e-55	1.62766149777863e-135	9.51114258339749e-115	6.75983305476659e-131	3.44665980401276e-57	4.54231588784658e-130	3.72845419950178e-131	5.05969224184821e-130	3.66268292794418e-135	1.03689050069912e-118	6.10110896988645e-134	6.02200275678201e-145	3.93356478685578e-96	2.01189553929616e-179	5.16938619652133e-130	1.34806343278911e-135	2.44678094702589e-131	4.54478491966324e-140	5.49660293481143e-191	7.95504585000964e-91	2.10765562547115e-162	3.43813137011669e-38	5.16624419363209e-122	4.4712167250885e-138	1.83480238405664e-160	1	4.3639995751419e-110	1.56928206938255e-139	1.7712682043824e-61	1.03723523936884e-250	6.74206360606401e-216	1.55818872633876e-165	6.50841764134292e-43
4.71550909965936e-96	2.11089916282695e-186	8.20781900558155e-76	6.98877708909348e-198	1.75008385985436e-174	3.68975228239954e-150	0	2.32140614455134e-55	1.3094380084066e-202	1.01924303201995e-37	5.13993948678765e-202	1.07575532107975e-130	4.47292029767386e-195	1.95688464563515e-230	4.71542845228057e-96	1.04323205936746e-195	5.13496289400455e-96	3.3358982032135e-200	8.91710901202377e-172	2.13100925183875e-197	6.77172095128146e-235	1.48179615594678e-77	1.88162907303909e-217	5.20180413025237e-96	3.13682521518302e-203	1.1307591224829e-163	3.68666082042024e-223	9.24241372959307e-230	2.07244400189071e-76	2.7727744269304e-244	7.19687954738187e-139	2.01114000409836e-216	3.61036922145337e-232	5.19219364878082e-216	4.37312122406404e-265	2.63206090550507e-85	5.66585763965122e-228	2.47276900542818e-61	7.2978850410859e-280	2.32418005916748e-262	2.68813425218272e-147	1.13963613910249e-207
1.40407608154968e-145	6.4831225169861e-307	1.06836029011114e-132	0	6.48268748630284e-273	7.85891179325951e-215	0	2.72242653934457e-71	0	5.85667184216048e-99	0	3.40651558128577e-195	0	5.46797913689591e-271	1.40407421138765e-145	0	1.45596449584154e-145	0	4.79713274155962e-265	0	6.47013447423842e-191	1.68198266005008e-140	0	1.45115603926508e-145	0	1.48213390450916e-233	0	0	2.30874287709683e-225	0	0	0	0	0	0	1.33604848769059e-144	0	8.14140639386643e-144	0	0	4.70104553241372e-269	0
8.82366217765306e-306	0	9.82579079031812e-281	0	0	0	0	3.00245244802535e-212	0	1.69754343863501e-229	0	1.75690977500695e-306	0	0	8.8235378051704e-306	0	9.43353611129561e-306	0	0	0	3.01918131563781e-266	0	0	9.12718875934939e-306	0	0	0	0	0	0	0	0	0	0	0	0	0	0	0	0	0	0
