IC_1	IC_2	VC_1	VC_2
94.763811442164	121.051394686387	82.6483744353998	85.0863748609751
183.066453922362	185.078578652741	103.976987192922	114.140258959845
135.68454820128	209.088772640123	79.0936056424794	70.5594328115404
118.454764302705	91.038652202159	110.197832580533	107.914426652944
47.381905721082	64.0271839663536	87.9805276247804	87.1616522966087
128.146517745654	91.038652202159	82.6483744353998	114.140258959845
121.685348783688	104.044173945325	219.506972962836	88.1992910144254
136.761409694941	136.057765928501	114.641293571684	70.5594328115404
65.6885511133182	72.0305819621478	118.196062364604	185.737330489202
158.29863956816	108.045872943222	110.197832580533	95.4627620391428
305.828664199711	287.121903099117	828.261128750458	765.777373748776
187.373899897006	125.053093684284	156.409826888498	131.78011716273
95.8406729358249	84.0356789558391	104.865679391152	121.403729984562
185.220176909684	58.0246354695079	111.975216976993	62.2583230690062
81.8414735182325	53.0225117221365	94.2013730123911	120.366091266745
113.0704568344	152.06456192009	231.059971539827	239.694543815674
99.0712574168078	173.073481659049	71.9840680566385	93.3874846035093
269.215373415239	229.097267629609	721.618064962845	865.390690659186
109.839872353417	149.063287671667	92.4239886159309	78.8605425540745
145.376301644229	120.050969936913	86.2031432283202	88.1992910144254
100.148118910469	120.050969936913	86.2031432283202	103.763871781677
130.300240732975	121.051394686387	63.0971460743375	87.1616522966087
89.3795039738592	84.0356789558391	95.0900652106212	88.1992910144254
118.454764302705	112.047571941119	138.635982923896	122.441368702379
94.763811442164	50.0212374737137	112.863909175223	87.1616522966087
193.835068858972	194.082401398009	398.134104807087	470.050339170997
159.375501061821	199.084525145381	100.422218400002	118.290813831112
272.445957896221	293.124451595962	133.303829734516	125.554284855829
177.682146454057	191.081127149586	74.6501446513288	112.064981524211
166.913531517448	106.045023444273	129.749060941595	89.2369297322422
116.301041315383	195.082826147484	102.199602796462	107.914426652944
243.370697567376	281.119354602271	542.102240920364	613.244482229711
419.975982527772	347.147388067573	863.808816679662	814.546393486164
93.686949948503	138.05861542745	230.171279341597	294.689395859963
127.069656251993	150.063712421141	69.3179914619482	78.8605425540745
109.839872353417	150.063712421141	87.0918354265503	98.5756781925931
123.83907177101	138.05861542745	43.5459177132752	69.5217940937236
121.685348783688	208.088347890649	41.7685333168149	74.7099876828074
155.068055087177	164.069658913781	127.971676545135	133.855394598363
88.3026424801983	88.0373779537362	173.294978654871	206.490104845537
89.3795039738592	61.0259097179308	170.62890206018	90.274568450059
76.4571660499277	36.0152909810739	90.6466042194707	95.4627620391428
102.301841897791	188.079852901164	61.3197616778773	86.1240135787919
186.297038403345	166.07050841273	647.856612509747	709.744882986671
94.763811442164	164.069658913781	74.6501446513288	87.1616522966087
123.83907177101	142.060314425347	48.8780709026558	50.8442971730217
157.221778074499	139.059040176924	82.6483744353998	97.5380394747764
117.377902809044	85.0361037053133	85.3144510300901	94.4251233213261
124.915933264671	167.070933162204	71.0953758584084	71.5970715293571
134.607686707619	146.062013423244	57.7649928849568	74.7099876828074
111.993595340739	114.048421440067	341.25780412036	344.496054315168
94.763811442164	144.061163924296	84.42575883186	84.0487361431584
127.069656251993	148.062862922193	167.96282546549	187.812607924835
119.531625796366	146.062013423244	108.420448184073	88.1992910144254
149.683747618873	168.071357911678	71.9840680566385	61.2206843511894
117.377902809044	169.071782661152	82.6483744353998	70.5594328115404
233.678944124427	298.126575343334	786.492595433643	859.164858352285
104.455564885113	87.0369532042619	111.086524778763	114.140258959845
180.91273093504	207.087923141175	248.833815504429	259.409679454192
122.762210277349	150.063712421141	141.302059518587	123.479007420196
457.666134805906	282.119779351745	1197.95708321418	1140.36495088063
143.222578656907	81.0344047074162	191.068822619473	155.645807672516
108.763010859756	149.063287671667	107.531755985843	63.295961786823
159.375501061821	93.0395017011075	361.697724679653	145.269420494348
223.987190681478	136.057765928501	235.503432530978	121.403729984562
165.836670023787	156.066260917987	92.4239886159309	91.3122071678758
142.145717163246	150.063712421141	70.2066836601783	97.5380394747764
180.91273093504	154.065411419038	129.749060941595	131.78011716273
108.763010859756	192.081551899061	139.524675122126	146.307059212165
80.7646120245716	106.045023444273	96.8674496070815	106.876787935127
79.6877505309106	65.0276087158279	175.072363051331	97.5380394747764
131.377102226636	145.06158867377	47.9893787044257	50.8442971730217
52.7662131893868	44.0186889768681	99.5335262017718	111.027342806394
86.1489194928763	206.087498391701	77.3162212460191	75.7476264006242
150.760609112534	120.050969936913	83.5370666336299	83.0110974253416
166.913531517448	139.059040176924	65.7632226690278	94.4251233213261
176.605284960397	192.081551899061	95.0900652106212	113.102620242028
69.995997087962	99.0420501979532	153.743750293808	133.855394598363
123.83907177101	130.055217431656	54.2102240920364	83.0110974253416
173.374700479414	200.084949894855	169.74020986195	196.11371766737
254.139312503985	270.114682358054	402.577565798238	462.786868146279
102.301841897791	92.0390769516333	100.422218400002	124.516646138012
219.679744706835	137.058190677976	107.531755985843	142.156504340897
99.0712574168078	115.048846189542	335.03695873275	446.184648661211
152.914332099855	114.048421440067	95.0900652106212	92.3498458856925
132.453963720297	174.073906408524	80.8709900389396	97.5380394747764
141.068855669585	69.0293077137249	159.964595681419	101.688594346043
119.531625796366	76.0322809600449	235.503432530978	250.070930993842
33.3827063034896	10.0042474947427	122.639523355755	119.328452548929
443.666935388313	534.226816219263	1501.88981500888	1835.58289181787
81.8414735182325	60.0254849684565	181.293208438941	163.94691741505
113.0704568344	70.0297324631992	156.409826888498	132.817755880547
88.3026424801983	77.0327057095191	112.863909175223	96.5004007569596
119.531625796366	185.078578652741	87.0918354265503	102.72623306386
102.301841897791	106.045023444273	149.300289302658	98.5756781925931
104.455564885113	87.0369532042619	246.167738909739	229.318156637506
79.6877505309106	85.0361037053133	188.402746024782	91.3122071678758
142.145717163246	181.076879654844	141.302059518587	118.290813831112
136.761409694941	142.060314425347	71.0953758584084	65.3712392224565
69.995997087962	73.031006711622	114.641293571684	112.064981524211
146.45316313789	130.055217431656	207.065282187614	189.887885360469
119.531625796366	106.045023444273	212.397435376995	251.108569711658
211.064852757547	357.151635562316	608.754155787622	682.766276323435
767.80224498026	1202.51054886808	2495.44769263013	3293.46529035043
52.7662131893868	112.047571941119	183.959285033632	216.866492023705
212.141714251208	202.085799393803	398.134104807087	451.372842250295
164.759808530126	159.06753516641	109.309140382303	157.721085108149
123.83907177101	131.05564218113	118.196062364604	113.102620242028
83.9951965055544	50.0212374737137	117.307370166374	96.5004007569596
296.136910756762	245.104063621197	688.736453628331	626.733785561329
95.8406729358249	83.0352542063648	211.508743178765	90.274568450059
53.8430746830477	144.061163924296	70.2066836601783	103.763871781677
71.072858581623	81.0344047074162	87.9805276247804	91.3122071678758
421.052844021433	483.205153996075	942.902422322142	958.778175262695
151.837470606195	195.082826147484	106.643063787613	141.118865623081
144.299440150568	90.0382274526847	165.2967488708	146.307059212165
157.221778074499	226.095993381186	176.849747447791	183.662053053568
123.83907177101	59.0250602189822	91.5352964177008	107.914426652944
128.146517745654	101.042899696902	147.522904906197	119.328452548929
169.06725450477	161.068384665358	153.743750293808	119.328452548929
72.1497200752839	126.053518433759	119.084754562834	114.140258959845
86.1489194928763	79.0335552084677	79.9822978407095	112.064981524211
114.147318328061	101.042899696902	108.420448184073	100.650955628227
132.453963720297	214.090896387495	69.3179914619482	92.3498458856925
111.993595340739	107.045448193747	91.5352964177008	102.72623306386
62.4579666323353	80.033979957942	111.975216976993	102.72623306386
45.2281827337601	35.0148662315996	189.291438223012	102.72623306386
73.2265815689449	73.031006711622	78.2049134442492	88.1992910144254
133.530825213958	195.082826147484	122.639523355755	129.704839727096
155.068055087177	114.048421440067	85.3144510300901	80.9358199897081
125.992794758332	81.0344047074162	395.468028212397	299.877589449047
214.29543723853	179.076030155895	981.116186846036	1056.31621473747
132.453963720297	94.0399264505818	199.955744601774	195.076078949553
207.834268276564	140.059464926398	344.812572913281	179.511498182301
117.377902809044	115.048846189542	298.600578605315	121.403729984562
144.299440150568	166.07050841273	94.2013730123911	77.8229038362578
122.762210277349	107.045448193747	101.310910598232	104.801510499494
71.072858581623	166.07050841273	105.754371589383	99.6133169104099
150.760609112534	182.077304404318	147.522904906197	115.177897677661
127.069656251993	150.063712421141	134.192521932746	156.683446390332
113.0704568344	70.0297324631992	126.194292148675	95.4627620391428
117.377902809044	88.0373779537362	168.85151766372	139.043588187447
119.531625796366	141.059889675873	90.6466042194707	108.952065370761
191.68134587165	152.06456192009	784.715211037183	875.767077837354
104.455564885113	121.051394686387	119.973446761064	143.194143058714
146.45316313789	107.045448193747	144.856828311507	108.952065370761
93.686949948503	60.0254849684565	138.635982923896	102.72623306386
62.4579666323353	126.053518433759	124.416907752215	125.554284855829
242.293836073715	185.078578652741	822.928975561077	824.922780664332
169.06725450477	146.062013423244	189.291438223012	202.33954997427
104.455564885113	111.047147191644	103.976987192922	121.403729984562
122.762210277349	110.04672244217	76.427529047789	97.5380394747764
147.530024631551	157.066685667461	81.7596822371697	92.3498458856925
136.761409694941	71.0301572126735	81.7596822371697	94.4251233213261
48.4587672147429	36.0152909810739	120.862138959294	157.721085108149
114.147318328061	131.05564218113	69.3179914619482	100.650955628227
111.993595340739	139.059040176924	86.2031432283202	98.5756781925931
115.224179821722	78.0331304589934	238.169509125668	404.67909994854
69.995997087962	128.054367932707	96.8674496070815	118.290813831112
143.222578656907	121.051394686387	126.194292148675	109.989704088578
47.381905721082	103.04374919585	127.082984346905	166.022194850683
72.1497200752839	74.0314314610963	103.976987192922	124.516646138012
85.0720579992154	68.0288829642507	99.5335262017718	111.027342806394
118.454764302705	203.086224143278	399.911489203547	526.082829933102
163.682947036465	228.096842880135	78.2049134442492	112.064981524211
107.686149366095	62.026334467405	1076.20625205666	1424.67795956243
157.221778074499	162.068809414832	132.415137536286	145.269420494348
132.453963720297	98.0416254484789	107.531755985843	101.688594346043
289.675741794797	253.107461616991	616.752385571693	727.384741189556
57.0736591640306	132.056066930604	174.183670853101	184.699691771385
87.2257809865373	122.051819435862	90.6466042194707	122.441368702379
109.839872353417	61.0259097179308	213.286127575225	90.274568450059
103.378703391452	147.062438172718	174.183670853101	96.5004007569596
74.3034430626059	82.0348294568905	81.7596822371697	95.4627620391428
113.0704568344	160.067959915884	85.3144510300901	73.6723489649907
529.815854881189	708.300722627786	487.003324630098	557.211991467605
68.9191355943011	64.0271839663536	124.416907752215	103.763871781677
170.144115998431	185.078578652741	97.7561418053116	117.253175113295
91.5332269611811	128.054367932707	284.381503433634	281.200092528345
120.608487290027	80.033979957942	122.639523355755	106.876787935127
164.759808530126	134.056916429553	86.2031432283202	144.231781776531
222.910329187818	330.140167326511	769.607443667271	842.562638867217
309.059248680694	292.124026846488	167.96282546549	164.984556132866
167.990393011109	204.086648892752	770.496135865501	787.567786822928
240.140113086393	204.086648892752	313.708345975227	307.141060473764
237.986390099071	197.083675646432	103.088294994692	126.591923573646
139.991994175924	164.069658913781	210.620050980535	200.264272538637
152.914332099855	135.057341179027	83.5370666336299	98.5756781925931
160.452362555482	154.065411419038	126.194292148675	97.5380394747764
119.531625796366	140.059464926398	134.192521932746	100.650955628227
75.3803045562668	94.0399264505818	141.302059518587	187.812607924835
137.838271188602	175.074331157998	81.7596822371697	86.1240135787919
109.839872353417	98.0416254484789	119.084754562834	116.215536395478
219.679744706835	262.11128436226	158.187211284959	147.344697929981
122.762210277349	134.056916429553	65.7632226690278	76.785265118441
125.992794758332	116.049270939016	84.42575883186	57.0701294799224
106.609287872434	84.0356789558391	87.0918354265503	101.688594346043
75.3803045562668	73.031006711622	154.632442492038	245.920376122574
61.3811051386744	110.04672244217	103.088294994692	138.00594946963
155.068055087177	181.076879654844	552.766547299125	638.147811457314
75.3803045562668	74.0314314610963	93.312680814161	87.1616522966087
80.7646120245716	77.0327057095191	126.194292148675	107.914426652944
88.3026424801983	68.0288829642507	77.3162212460191	103.763871781677
142.145717163246	71.0301572126735	205.287897791154	95.4627620391428
142.145717163246	115.048846189542	419.46271756461	386.001603027838
116.301041315383	117.04969568849	476.339018251336	469.01270045318
180.91273093504	178.075605406421	94.2013730123911	73.6723489649907
147.530024631551	135.057341179027	80.8709900389396	107.914426652944
144.299440150568	154.065411419038	99.5335262017718	80.9358199897081
163.682947036465	239.101515124352	84.42575883186	115.177897677661
134.607686707619	115.048846189542	204.399205592924	204.414827409904
32.3058448098286	18.0076454905369	103.976987192922	99.6133169104099
124.915933264671	91.038652202159	156.409826888498	145.269420494348
127.069656251993	100.042474947427	80.8709900389396	118.290813831112
702.113693866942	1097.46595017328	2095.53620342659	2112.63242947494
131.377102226636	117.04969568849	169.74020986195	146.307059212165
104.455564885113	67.0284582147764	111.086524778763	105.839149217311
106.609287872434	67.0284582147764	200.844436800004	183.662053053568
117.377902809044	140.059464926398	121.750831157524	142.156504340897
113.0704568344	107.045448193747	201.733128998234	182.624414335752
264.907927440595	325.138043579139	205.287897791154	203.377188692087
145.376301644229	168.071357911678	86.2031432283202	99.6133169104099
95.8406729358249	140.059464926398	82.6483744353998	78.8605425540745
160.452362555482	177.075180656947	92.4239886159309	106.876787935127
83.9951965055544	132.056066930604	63.9858382725676	90.274568450059
58.1505206576915	118.050120437964	79.0936056424794	90.274568450059
44.1513212400991	83.0352542063648	147.522904906197	106.876787935127
122.762210277349	107.045448193747	110.197832580533	102.72623306386
157.221778074499	109.046297692696	83.5370666336299	73.6723489649907
69.995997087962	83.0352542063648	155.521134690268	159.796362543783
145.376301644229	128.054367932707	94.2013730123911	74.7099876828074
255.216173997646	296.125725844385	178.627131844251	181.586775617935
115.224179821722	123.052244185336	118.196062364604	118.290813831112
175.528423466736	190.080702400112	159.964595681419	93.3874846035093
125.992794758332	140.059464926398	64.8745304707977	60.1830456333727
117.377902809044	114.048421440067	97.7561418053116	133.855394598363
285.368295820153	247.104913120146	614.975001175233	790.680702976379
127.069656251993	148.062862922193	72.8727602548686	103.763871781677
113.0704568344	94.0399264505818	106.643063787613	116.215536395478
41.9975982527772	80.033979957942	655.854842293818	985.756781925931
206.757406782903	204.086648892752	175.961055249561	181.586775617935
59.2273821513525	101.042899696902	95.0900652106212	143.194143058714
43.0744597464382	86.0365284547876	112.863909175223	129.704839727096
82.9183350118935	73.031006711622	307.487500587616	344.496054315168
136.761409694941	62.026334467405	227.505202746907	182.624414335752
48.4587672147429	81.0344047074162	99.5335262017718	105.839149217311
323.058448098286	220.09344488434	739.391908927448	800.01945143673
235.832667111749	242.102789372774	590.98031182302	692.105024783786
87.2257809865373	46.0195384758166	146.634212707967	112.064981524211
79.6877505309106	141.059889675873	244.390354513279	278.087176374894
75.3803045562668	125.053093684284	155.521134690268	128.667201009279
134.607686707619	122.051819435862	79.9822978407095	79.8981812718913
169.06725450477	148.062862922193	75.5388368495589	96.5004007569596
160.452362555482	180.076454905369	449.678252304433	382.888686874388
141.068855669585	113.047996690593	192.846207015933	198.188995103003
87.2257809865373	82.0348294568905	147.522904906197	161.871639979416
68.9191355943011	74.0314314610963	183.959285033632	99.6133169104099
136.761409694941	190.080702400112	77.3162212460191	71.5970715293571
149.683747618873	89.0378027032104	886.026121635415	1103.00995703923
157.221778074499	176.074755907472	349.256033904431	380.813409438755
109.839872353417	233.098966627506	99.5335262017718	104.801510499494
156.144916580838	177.075180656947	99.5335262017718	104.801510499494
107.686149366095	145.06158867377	55.9876084884966	92.3498458856925
141.068855669585	180.076454905369	101.310910598232	86.1240135787919
100.148118910469	45.0191137263424	227.505202746907	121.403729984562
157.221778074499	192.081551899061	101.310910598232	108.952065370761
116.301041315383	72.0305819621478	82.6483744353998	89.2369297322422
124.915933264671	89.0378027032104	82.6483744353998	73.6723489649907
157.221778074499	82.0348294568905	206.176589989384	107.914426652944
477.049641691803	597.253575436142	1628.97279935578	2035.8471643565
138.915132682263	164.069658913781	97.7561418053116	72.6347102471739
431.821458958043	751.31898685518	1459.23258949383	1651.9208387643
137.838271188602	127.053943183233	423.90617855576	401.56618379509
145.376301644229	86.0365284547876	352.810802697352	351.759525339885
106.609287872434	74.0314314610963	172.40628645664	120.366091266745
244.447559061037	246.104488370672	282.604119037173	155.645807672516
833.490796093579	909.386097272116	2599.42467982306	3068.29768858419
145.376301644229	80.033979957942	176.849747447791	153.570530236882
123.83907177101	93.0395017011075	81.7596822371697	72.6347102471739
147.530024631551	222.094294383289	76.427529047789	125.554284855829
181.989592428701	247.104913120146	103.976987192922	83.0110974253416
131.377102226636	84.0356789558391	116.418677968144	134.89303331618
164.759808530126	62.026334467405	159.964595681419	144.231781776531
85.0720579992154	126.053518433759	348.367341706201	263.56023432546
166.913531517448	142.060314425347	65.7632226690278	43.5808261483043
101.22498040413	112.047571941119	197.289668007083	204.414827409904
220.756606200496	174.073906408524	642.524459320366	668.239334274
124.915933264671	109.046297692696	283.492811235404	301.95286688468
251.985589516663	248.10533786962	686.959069231871	753.325709134975
143.222578656907	129.054792682181	97.7561418053116	70.5594328115404
108.763010859756	135.057341179027	131.526445338056	69.5217940937236
144.299440150568	153.064986669564	169.74020986195	118.290813831112
115.224179821722	173.073481659049	151.077673699118	112.064981524211
114.147318328061	144.061163924296	107.531755985843	158.758723825966
91.5332269611811	45.0191137263424	135.969906329206	113.102620242028
153.991193593516	116.049270939016	111.086524778763	111.027342806394
147.530024631551	220.09344488434	96.8674496070815	97.5380394747764
141.068855669585	166.07050841273	63.9858382725676	69.5217940937236
178.759007947718	137.058190677976	205.287897791154	176.398582028851
153.991193593516	144.061163924296	63.9858382725676	72.6347102471739
170.144115998431	187.079428151689	335.92565093098	173.285665875401
133.530825213958	96.0407759495304	279.938042442483	359.022996364602
85.0720579992154	108.045872943222	122.639523355755	116.215536395478
475.972780198142	715.303695874106	1806.7112390018	2299.40739868196
124.915933264671	152.06456192009	48.8780709026558	74.7099876828074
52.7662131893868	54.0229364716108	95.0900652106212	85.0863748609751
60.3042436450134	170.072207410627	89.7579120212406	103.763871781677
152.914332099855	104.044173945325	92.4239886159309	103.763871781677
24.7678143542019	35.0148662315996	113.752601373453	86.1240135787919
125.992794758332	146.062013423244	67.540607065488	71.5970715293571
211.064852757547	390.165652294967	140.413367320357	170.17274972195
172.297838985753	124.05266893481	100.422218400002	116.215536395478
307.982387187033	253.107461616991	653.188765699127	851.901387327568
201.373099314598	166.07050841273	84.42575883186	111.027342806394
100.148118910469	105.044598694799	207.065282187614	173.285665875401
93.686949948503	179.076030155895	265.718967270801	300.915228166863
130.300240732975	104.044173945325	78.2049134442492	83.0110974253416
125.992794758332	126.053518433759	107.531755985843	79.8981812718913
148.606886125212	136.057765928501	91.5352964177008	100.650955628227
146.45316313789	133.056491680079	109.309140382303	79.8981812718913
65.6885511133182	40.016989978971	100.422218400002	128.667201009279
113.0704568344	98.0416254484789	174.183670853101	179.511498182301
309.059248680694	302.128274341231	585.648158633639	449.297564814661
127.069656251993	176.074755907472	129.749060941595	92.3498458856925
100.148118910469	87.0369532042619	186.625361628322	164.984556132866
151.837470606195	168.071357911678	105.754371589383	126.591923573646
106.609287872434	144.061163924296	169.74020986195	107.914426652944
65.6885511133182	18.0076454905369	120.862138959294	121.403729984562
96.9175344294859	122.051819435862	190.180130421242	212.715937152438
88.3026424801983	155.065836168513	88.8692198230105	97.5380394747764
159.375501061821	112.047571941119	118.196062364604	99.6133169104099
134.607686707619	85.0361037053133	114.641293571684	113.102620242028
88.3026424801983	142.060314425347	83.5370666336299	124.516646138012
137.838271188602	116.049270939016	97.7561418053116	94.4251233213261
97.9943959231468	136.057765928501	269.273736063722	211.678298434621
100.148118910469	164.069658913781	234.614740332748	202.33954997427
100.148118910469	102.043324446376	89.7579120212406	87.1616522966087
85.0720579992154	155.065836168513	207.065282187614	147.344697929981
91.5332269611811	84.0356789558391	141.302059518587	158.758723825966
729.035231208466	711.301996876209	1566.76434547968	2093.95493255424
93.686949948503	93.0395017011075	246.167738909739	254.221485865109
156.144916580838	187.079428151689	59.542377281417	78.8605425540745
204.603683795581	185.078578652741	372.362031058414	469.01270045318
86.1489194928763	67.0284582147764	140.413367320357	85.0863748609751
147.530024631551	132.056066930604	287.936272226554	315.442170216298
104.455564885113	49.0208127242395	115.529985769914	94.4251233213261
59.2273821513525	53.0225117221365	121.750831157524	107.914426652944
735.496400170432	770.327057095191	1621.86326176994	1746.34596208562
285.368295820153	172.073056909575	448.789560106203	412.980209691074
125.992794758332	62.026334467405	53.3215318938063	87.1616522966087
184.143315416023	161.068384665358	72.8727602548686	107.914426652944
109.839872353417	199.084525145381	78.2049134442492	85.0863748609751
101.22498040413	146.062013423244	93.312680814161	75.7476264006242
60.3042436450134	72.0305819621478	130.637753139825	122.441368702379
178.759007947718	141.059889675873	80.8709900389396	98.5756781925931
118.454764302705	187.079428151689	79.0936056424794	85.0863748609751
124.915933264671	110.04672244217	98.6448340035417	90.274568450059
311.212971668016	478.203030248703	1238.83692433277	1746.34596208562
111.993595340739	118.050120437964	261.275506279651	267.710789196727
93.686949948503	136.057765928501	77.3162212460191	91.3122071678758
131.377102226636	151.064137170615	99.5335262017718	97.5380394747764
135.68454820128	140.059464926398	104.865679391152	70.5594328115404
119.531625796366	104.044173945325	117.307370166374	102.72623306386
145.376301644229	79.0335552084677	119.084754562834	131.78011716273
114.147318328061	51.021662223188	101.310910598232	116.215536395478
300.444356731406	305.129548589654	429.238331745141	490.803113527332
228.294636656122	203.086224143278	282.604119037173	292.614118424329
102.301841897791	125.053093684284	195.512283610623	186.774969207019
136.761409694941	139.059040176924	49.7667631008859	78.8605425540745
142.145717163246	237.100665625403	67.540607065488	72.6347102471739
202.449960808259	224.095143882237	404.354950194698	427.507151740509
67.8422741006401	81.0344047074162	126.194292148675	109.989704088578
251.985589516663	235.099816126455	145.745520509737	162.909278697233
94.763811442164	98.0416254484789	100.422218400002	116.215536395478
161.529224049143	129.054792682181	88.8692198230105	102.72623306386
130.300240732975	195.082826147484	111.086524778763	133.855394598363
121.685348783688	128.054367932707	76.427529047789	102.72623306386
227.217775162461	249.105762619094	125.305599950445	134.89303331618
524.431547412885	649.275662408804	1292.15845622657	1380.0594946963
109.839872353417	161.068384665358	150.188981500888	126.591923573646
83.9951965055544	118.050120437964	132.415137536286	114.140258959845
105.532426378774	133.056491680079	80.8709900389396	90.274568450059
171.220977492092	231.098117128557	187.514053826552	130.742478444913
44.1513212400991	40.016989978971	78.2049134442492	150.457614083432
149.683747618873	95.0403512000561	81.7596822371697	54.9948520442888
244.447559061037	354.150361313893	797.156901812404	852.939026045385
58.1505206576915	48.0203879747652	96.8674496070815	86.1240135787919
144.299440150568	70.0297324631992	87.0918354265503	69.5217940937236
259.52361997229	346.146963318099	806.043823794705	860.202497070102
114.147318328061	140.059464926398	81.7596822371697	58.1077681977391
86.1489194928763	40.016989978971	85.3144510300901	101.688594346043
90.4563654675202	90.0382274526847	126.194292148675	146.307059212165
195.988791846294	165.070083663255	322.595267957528	336.194944572633
77.5340275435887	140.059464926398	81.7596822371697	72.6347102471739
136.761409694941	152.06456192009	70.2066836601783	64.3336005046397
136.761409694941	123.052244185336	80.8709900389396	78.8605425540745
124.915933264671	106.045023444273	265.718967270801	239.694543815674
132.453963720297	76.0322809600449	160.853287879649	239.694543815674
125.992794758332	147.062438172718	87.0918354265503	93.3874846035093
167.990393011109	93.0395017011075	107.531755985843	75.7476264006242
218.602883213174	207.087923141175	114.641293571684	128.667201009279
137.838271188602	130.055217431656	70.2066836601783	47.7313810195714
195.988791846294	137.058190677976	129.749060941595	109.989704088578
93.686949948503	134.056916429553	235.503432530978	218.941769459338
48.4587672147429	72.0305819621478	88.8692198230105	102.72623306386
135.68454820128	198.084100395906	686.070377033641	622.583230690062
178.759007947718	143.060739174821	411.464487780539	342.420776879534
77.5340275435887	66.0280334653021	160.853287879649	155.645807672516
124.915933264671	98.0416254484789	238.169509125668	188.850246642652
92.6100884548421	163.069234164307	109.309140382303	108.952065370761
178.759007947718	87.0369532042619	317.263114768148	329.969112265733
68.9191355943011	81.0344047074162	227.505202746907	425.431874304876
44.1513212400991	12.0050969936913	150.188981500888	249.033292276025
74.3034430626059	129.054792682181	108.420448184073	109.989704088578
180.91273093504	127.053943183233	91.5352964177008	61.2206843511894
81.8414735182325	60.0254849684565	85.3144510300901	99.6133169104099
94.763811442164	132.056066930604	117.307370166374	85.0863748609751
93.686949948503	113.047996690593	120.862138959294	113.102620242028
697.806247892298	752.319411604655	2173.74111687084	2349.21405713717
342.441954984183	184.078153903267	610.531540184082	477.313810195714
141.068855669585	69.0293077137249	130.637753139825	130.742478444913
678.422741006401	802.340649078368	2109.75527859827	2490.33292276025
103.378703391452	80.033979957942	95.9787574088514	111.027342806394
87.2257809865373	130.055217431656	215.063511971685	264.597873043276
60.3042436450134	100.042474947427	103.976987192922	105.839149217311
135.68454820128	104.044173945325	78.2049134442492	90.274568450059
120.608487290027	226.095993381186	54.2102240920364	111.027342806394
203.52682230192	174.073906408524	97.7561418053116	127.629562291463
71.072858581623	89.0378027032104	724.284141557536	1040.75163397022
48.4587672147429	50.0212374737137	109.309140382303	93.3874846035093
136.761409694941	68.0288829642507	127.082984346905	83.0110974253416
129.223379239315	101.042899696902	84.42575883186	75.7476264006242
132.453963720297	136.057765928501	132.415137536286	89.2369297322422
143.222578656907	187.079428151689	99.5335262017718	131.78011716273
163.682947036465	119.050545187439	91.5352964177008	59.1454069155559
27.9983988351848	9.00382274526847	242.612970116819	254.221485865109
184.143315416023	134.056916429553	296.823194208855	229.318156637506
113.0704568344	133.056491680079	91.5352964177008	80.9358199897081
107.686149366095	68.0288829642507	87.0918354265503	103.763871781677
89.3795039738592	152.06456192009	82.6483744353998	80.9358199897081
159.375501061821	145.06158867377	101.310910598232	94.4251233213261
177.682146454057	133.056491680079	108.420448184073	101.688594346043
87.2257809865373	108.045872943222	169.74020986195	190.925524078286
80.7646120245716	116.049270939016	148.411597104428	136.968310751814
129.223379239315	121.051394686387	308.376192785846	293.651757142146
131.377102226636	80.033979957942	63.0971460743375	90.274568450059
204.603683795581	188.079852901164	124.416907752215	119.328452548929
148.606886125212	120.050969936913	210.620050980535	112.064981524211
107.686149366095	147.062438172718	109.309140382303	71.5970715293571
121.685348783688	158.067110416935	52.4328396955762	64.3336005046397
118.454764302705	187.079428151689	72.8727602548686	97.5380394747764
178.759007947718	166.07050841273	157.298519086729	124.516646138012
118.454764302705	100.042474947427	232.837355936288	230.355795355323
80.7646120245716	113.047996690593	277.271965847793	314.404531498481
117.377902809044	95.0403512000561	645.190535915056	569.663656081407
76.4571660499277	95.0403512000561	327.038728948679	389.114519181289
181.989592428701	181.076879654844	732.282371341607	818.696948357431
77.5340275435887	71.0301572126735	116.418677968144	96.5004007569596
61.3811051386744	88.0373779537362	127.971676545135	136.968310751814
203.52682230192	174.073906408524	111.975216976993	104.801510499494
225.064052175139	252.107036867517	120.862138959294	139.043588187447
107.686149366095	102.043324446376	94.2013730123911	90.274568450059
137.838271188602	146.062013423244	93.312680814161	77.8229038362578
36.6132907844724	87.0369532042619	120.862138959294	127.629562291463
91.5332269611811	202.085799393803	97.7561418053116	103.763871781677
134.607686707619	153.064986669564	68.4292992637181	73.6723489649907
90.4563654675202	88.0373779537362	138.635982923896	195.076078949553
226.1409136688	231.098117128557	553.655239497356	586.265875566475
137.838271188602	126.053518433759	218.618280764606	253.183847147292
164.759808530126	167.070933162204	62.2084538761074	88.1992910144254
141.068855669585	101.042899696902	207.065282187614	214.791214588071
103.378703391452	92.0390769516333	110.197832580533	121.403729984562
115.224179821722	133.056491680079	67.540607065488	89.2369297322422
125.992794758332	148.062862922193	46.2119943079655	70.5594328115404
219.679744706835	187.079428151689	825.595052155768	807.282922461447
143.222578656907	164.069658913781	87.0918354265503	111.027342806394
220.756606200496	240.101939873826	243.501662315049	191.963162796102
161.529224049143	112.047571941119	303.932731794696	207.527743563354
136.761409694941	85.0361037053133	113.752601373453	108.952065370761
111.993595340739	158.067110416935	108.420448184073	106.876787935127
176.605284960397	148.062862922193	74.6501446513288	65.3712392224565
148.606886125212	135.057341179027	81.7596822371697	116.215536395478
306.905525693372	263.111709111734	1075.31755985843	999.246085257549
137.838271188602	124.05266893481	106.643063787613	98.5756781925931
97.9943959231468	187.079428151689	99.5335262017718	89.2369297322422
163.682947036465	72.0305819621478	195.512283610623	101.688594346043
435.052043439026	553.234886459274	1637.85972133808	2156.21325562325
302.598079718728	197.083675646432	680.73822384426	593.529346591192
349.97998543981	306.129973339128	837.148050732759	673.427527863084
117.377902809044	257.109160614889	105.754371589383	83.0110974253416
130.300240732975	50.0212374737137	223.950433953986	193.000801513919
138.915132682263	136.057765928501	351.922110499122	380.813409438755
141.068855669585	162.068809414832	141.302059518587	141.118865623081
130.300240732975	130.055217431656	78.2049134442492	86.1240135787919
148.606886125212	141.059889675873	147.522904906197	124.516646138012
221.833467694157	201.085374644329	147.522904906197	151.495252801248
173.374700479414	150.063712421141	256.8320452885	251.108569711658
153.991193593516	239.101515124352	67.540607065488	87.1616522966087
111.993595340739	162.068809414832	93.312680814161	103.763871781677
55.9967976703696	61.0259097179308	102.199602796462	135.930672033997
109.839872353417	153.064986669564	106.643063787613	99.6133169104099
191.68134587165	236.100240875929	199.067052403544	239.694543815674
93.686949948503	85.0361037053133	119.973446761064	120.366091266745
61.3811051386744	111.047147191644	109.309140382303	85.0863748609751
149.683747618873	141.059889675873	47.1006865061956	73.6723489649907
379.055245768656	376.159705802327	1243.28038532392	1312.61297803821
52.7662131893868	27.0114682358054	142.190751716817	92.3498458856925
141.068855669585	85.0361037053133	62.2084538761074	99.6133169104099
45.2281827337601	74.0314314610963	99.5335262017718	85.0863748609751
45.2281827337601	82.0348294568905	149.300289302658	143.194143058714
209.987991263886	228.096842880135	362.586416877883	352.797164057702
129.223379239315	93.0395017011075	82.6483744353998	79.8981812718913
124.915933264671	82.0348294568905	149.300289302658	183.662053053568
86.1489194928763	151.064137170615	115.529985769914	62.2583230690062
164.759808530126	151.064137170615	312.819653776997	274.974260221444
50.6124902020649	55.0233612210851	151.077673699118	107.914426652944
190.604484377989	92.0390769516333	437.236561529212	419.206041997975
110.916733847078	105.044598694799	99.5335262017718	131.78011716273
122.762210277349	140.059464926398	111.975216976993	139.043588187447
121.685348783688	140.059464926398	108.420448184073	96.5004007569596
101.22498040413	46.0195384758166	109.309140382303	105.839149217311
63.5348281259963	50.0212374737137	110.197832580533	104.801510499494
105.532426378774	159.06753516641	93.312680814161	98.5756781925931
73.2265815689449	186.079003402215	56.8763006867267	100.650955628227
118.454764302705	153.064986669564	93.312680814161	113.102620242028
116.301041315383	55.0233612210851	258.609429684961	150.457614083432
137.838271188602	173.073481659049	106.643063787613	76.785265118441
127.069656251993	165.070083663255	68.4292992637181	67.44651665809
127.069656251993	164.069658913781	20.4399205592924	38.3926325592205
142.145717163246	125.053093684284	335.03695873275	319.592725087565
166.913531517448	124.05266893481	136.858598527436	159.796362543783
195.988791846294	169.071782661152	83.5370666336299	153.570530236882
132.453963720297	145.06158867377	97.7561418053116	116.215536395478
91.5332269611811	145.06158867377	65.7632226690278	102.72623306386
57.0736591640306	47.0199632252909	98.6448340035417	144.231781776531
139.991994175924	112.047571941119	88.8692198230105	75.7476264006242
148.606886125212	164.069658913781	84.42575883186	65.3712392224565
97.9943959231468	163.069234164307	127.082984346905	141.118865623081
74.3034430626059	56.0237859705594	91.5352964177008	104.801510499494
133.530825213958	87.0369532042619	119.973446761064	126.591923573646
62.4579666323353	66.0280334653021	157.298519086729	153.570530236882
172.297838985753	109.046297692696	232.837355936288	208.565382281171
134.607686707619	166.07050841273	119.084754562834	133.855394598363
130.300240732975	106.045023444273	62.2084538761074	92.3498458856925
97.9943959231468	152.06456192009	111.086524778763	79.8981812718913
142.145717163246	153.064986669564	95.0900652106212	107.914426652944
86.1489194928763	106.045023444273	81.7596822371697	108.952065370761
156.144916580838	259.110010113837	667.407840870809	758.513902724059
88.3026424801983	79.0335552084677	121.750831157524	104.801510499494
179.835869441379	140.059464926398	111.086524778763	92.3498458856925
150.760609112534	132.056066930604	63.9858382725676	88.1992910144254
85.0720579992154	60.0254849684565	157.298519086729	155.645807672516
11.8454764302705	24.0101939873826	105.754371589383	104.801510499494
49.5356287084039	25.0106187368569	112.863909175223	152.532891519065
122.762210277349	76.0322809600449	56.8763006867267	101.688594346043
158.29863956816	243.103214122249	495.001554414169	507.4053330124
371.517215313029	407.17287303603	1285.04891864073	1666.44778081373
1952.34988800731	2074.88093040965	1361.47644768852	1468.25878571073
88.3026424801983	56.0237859705594	81.7596822371697	96.5004007569596
123.83907177101	51.021662223188	81.7596822371697	89.2369297322422
118.454764302705	137.058190677976	312.819653776997	302.990505602497
142.145717163246	96.0407759495304	138.635982923896	139.043588187447
87.2257809865373	118.050120437964	139.524675122126	128.667201009279
228.294636656122	255.10831111594	319.040499164608	327.893834830099
375.824661287673	423.179669027618	175.961055249561	212.715937152438
174.451561973075	194.082401398009	44.4346099115053	73.6723489649907
90.4563654675202	150.063712421141	79.0936056424794	73.6723489649907
81.8414735182325	83.0352542063648	203.510513394694	238.656905097857
121.685348783688	133.056491680079	215.952204169916	213.753575870255
254.139312503985	378.160555301276	1031.77164214515	1266.95687445428
173.374700479414	207.087923141175	742.946677720368	874.729439119537
113.0704568344	140.059464926398	86.2031432283202	61.2206843511894
100.148118910469	131.05564218113	179.515824042481	195.076078949553
77.5340275435887	68.0288829642507	293.268425415935	312.329254062848
177.682146454057	353.149936564419	748.278830909749	978.493310901214
25.8446758478629	26.0110434863311	97.7561418053116	98.5756781925931
111.993595340739	89.0378027032104	368.807262265494	324.780918676649
62.4579666323353	68.0288829642507	191.957514817703	163.94691741505
111.993595340739	68.0288829642507	213.286127575225	118.290813831112
89.3795039738592	66.0280334653021	255.05466089204	245.920376122574
156.144916580838	100.042474947427	70.2066836601783	94.4251233213261
52.7662131893868	26.0110434863311	94.2013730123911	124.516646138012
113.0704568344	77.0327057095191	108.420448184073	145.269420494348
130.300240732975	38.0161404800224	106.643063787613	119.328452548929
80.7646120245716	60.0254849684565	159.964595681419	145.269420494348
155.068055087177	188.079852901164	731.393679143377	767.85265118441
131.377102226636	115.048846189542	77.3162212460191	80.9358199897081
166.913531517448	86.0365284547876	80.8709900389396	75.7476264006242
190.604484377989	145.06158867377	95.9787574088514	93.3874846035093
357.518015895437	267.113408109631	218.618280764606	206.490104845537
160281.14157799	133904.851867633	51455.2782775231	66650.6477615246
209.987991263886	190.080702400112	91.5352964177008	93.3874846035093
124.915933264671	54.0229364716108	88.8692198230105	40.467909994854
99.0712574168078	185.078578652741	81.7596822371697	86.1240135787919
144.299440150568	238.101090374877	58.6536850831869	74.7099876828074
295.060049263101	333.141441574933	104.865679391152	95.4627620391428
159.375501061821	85.0361037053133	109.309140382303	85.0863748609751
106.609287872434	39.0165652294967	207.953974385845	144.231781776531
101.22498040413	89.0378027032104	153.743750293808	129.704839727096
187.373899897006	124.05266893481	463.008635277885	565.51310121014
76.4571660499277	92.0390769516333	111.975216976993	131.78011716273
178.759007947718	218.092595385392	151.966365897348	140.081226905264
121.685348783688	68.0288829642507	118.196062364604	86.1240135787919
120.608487290027	51.021662223188	184.847977231862	94.4251233213261
195.988791846294	189.080277650638	383.026337437175	357.985357646786
486.741395134751	548.232762711903	1490.33681643189	1768.13637515978
198.142514833616	141.059889675873	71.9840680566385	105.839149217311
989.635712674417	1094.46467592486	415.019256573459	554.099075314155
113.0704568344	76.0322809600449	111.086524778763	127.629562291463
87.2257809865373	128.054367932707	523.439704757532	518.819358908385
142.145717163246	260.110434863311	176.849747447791	201.301911256453
179.835869441379	166.07050841273	56.8763006867267	70.5594328115404
103.378703391452	83.0352542063648	132.415137536286	176.398582028851
107.686149366095	173.073481659049	78.2049134442492	91.3122071678758
148.606886125212	166.07050841273	111.086524778763	96.5004007569596
171.220977492092	149.063287671667	209.731358782305	171.210388439767
130.300240732975	161.068384665358	63.9858382725676	56.0324907621056
259.52361997229	278.118080353848	112.863909175223	150.457614083432
86.1489194928763	108.045872943222	95.0900652106212	103.763871781677
76.4571660499277	82.0348294568905	166.18544106903	182.624414335752
122.762210277349	136.057765928501	185.736669430092	176.398582028851
147.530024631551	141.059889675873	90.6466042194707	75.7476264006242
122.762210277349	128.054367932707	78.2049134442492	72.6347102471739
104.455564885113	140.059464926398	57.7649928849568	86.1240135787919
125.992794758332	204.086648892752	356.365571490272	493.916029680783
148.606886125212	156.066260917987	50.655455299116	66.4088779402733
138.915132682263	103.04374919585	61.3197616778773	88.1992910144254
46.305044227421	48.0203879747652	84.42575883186	98.5756781925931
152.914332099855	147.062438172718	73.7614524530987	83.0110974253416
107.686149366095	88.0373779537362	159.075903483189	179.511498182301
240.140113086393	227.09641813066	705.621605394703	916.234987832208
130.300240732975	125.053093684284	97.7561418053116	79.8981812718913
179.835869441379	203.086224143278	88.8692198230105	97.5380394747764
120.608487290027	89.0378027032104	95.0900652106212	88.1992910144254
144.299440150568	133.056491680079	73.7614524530987	119.328452548929
125.992794758332	122.051819435862	147.522904906197	143.194143058714
353.210569920793	521.221294476097	1282.38284204604	1477.59753417108
134.607686707619	100.042474947427	63.9858382725676	90.274568450059
206.757406782903	257.109160614889	502.111092000009	513.631165319301
96.9175344294859	142.060314425347	237.280816927438	236.581627662224
86.1489194928763	65.0276087158279	111.975216976993	170.17274972195
239.063251592732	323.137194080191	619.418462166383	855.014303481018
92.6100884548421	178.075605406421	84.42575883186	80.9358199897081
121.685348783688	107.045448193747	87.0918354265503	64.3336005046397
133.530825213958	220.09344488434	78.2049134442492	97.5380394747764
189.527622884328	155.065836168513	115.529985769914	85.0863748609751
169.06725450477	229.097267629609	88.8692198230105	131.78011716273
166.913531517448	231.098117128557	547.434394109745	594.566985309009
64.6116896196573	83.0352542063648	213.286127575225	195.076078949553
200.296237820938	197.083675646432	247.056431107969	226.205240484056
160.452362555482	189.080277650638	79.0936056424794	96.5004007569596
82.9183350118935	140.059464926398	119.973446761064	116.215536395478
133.530825213958	159.06753516641	94.2013730123911	104.801510499494
592.273821513525	602.255699183513	1893.80307442835	1982.92758974785
146.45316313789	187.079428151689	1167.74154847436	1480.71045032453
186.297038403345	307.130398088602	97.7561418053116	140.081226905264
300.444356731406	381.161829549699	990.003108828337	954.627620391428
66.7654126069792	59.0250602189822	157.298519086729	136.968310751814
113.0704568344	238.101090374877	293.268425415935	288.463563553062
177.682146454057	224.095143882237	455.899097692044	497.028945834233
106.609287872434	138.05861542745	300.377963001776	296.764673295596
85.0720579992154	59.0250602189822	78.2049134442492	90.274568450059
62.4579666323353	124.05266893481	178.627131844251	185.737330489202
129.223379239315	182.077304404318	280.826734640713	297.802312013413
204.603683795581	249.105762619094	743.835369918598	710.782521704487
179.835869441379	225.095568631712	103.088294994692	158.758723825966
127.069656251993	109.046297692696	67.540607065488	94.4251233213261
100.148118910469	97.0412006990046	137.747290725666	101.688594346043
163.682947036465	149.063287671667	71.0953758584084	56.0324907621056
131.377102226636	101.042899696902	196.400975808853	194.038440231736
152.914332099855	166.07050841273	89.7579120212406	90.274568450059
455.512411818584	551.234036960325	1591.64772703012	1956.98662180243
138.915132682263	119.050545187439	165.2967488708	71.5970715293571
184.143315416023	203.086224143278	445.234791313283	338.270222008267
603.042436450134	771.327481844666	2132.86127575225	2119.89590049966
375.824661287673	279.118505103323	1377.47290725666	1982.92758974785
176.605284960397	210.089197389598	143.968136113277	80.9358199897081
241.216974580054	79.0335552084677	472.784249458416	392.227435334739
201.373099314598	210.089197389598	92.4239886159309	111.027342806394
494.279425590378	542.230214215057	1096.64617261595	1099.89704088578
48.4587672147429	26.0110434863311	109.309140382303	102.72623306386
72.1497200752839	75.0318562105706	191.957514817703	223.092324330606
106.609287872434	47.0199632252909	87.0918354265503	101.688594346043
108.763010859756	110.04672244217	157.298519086729	154.608168954699
145.376301644229	90.0382274526847	191.957514817703	205.45246612772
88.3026424801983	123.052244185336	134.192521932746	100.650955628227
66.7654126069792	57.0242107200337	141.302059518587	115.177897677661
159.375501061821	141.059889675873	128.860368743365	122.441368702379
82.9183350118935	223.094719132763	97.7561418053116	89.2369297322422
169.06725450477	144.061163924296	91.5352964177008	100.650955628227
91.5332269611811	104.044173945325	151.077673699118	92.3498458856925
87.2257809865373	114.048421440067	150.188981500888	151.495252801248
133.530825213958	143.060739174821	67.540607065488	80.9358199897081
139.991994175924	135.057341179027	51.5441474973461	59.1454069155559
92.6100884548421	73.031006711622	248.833815504429	199.22663382082
59.2273821513525	50.0212374737137	158.187211284959	206.490104845537
141.068855669585	156.066260917987	39.9911489203547	89.2369297322422
133.530825213958	181.076879654844	95.0900652106212	93.3874846035093
374.747799794012	333.141441574933	740.280601125678	694.180302219419
411.361090578485	487.206852993972	1532.1053497487	1878.12607924835
113.0704568344	130.055217431656	108.420448184073	99.6133169104099
173.374700479414	126.053518433759	274.605889253102	128.667201009279
207.834268276564	134.056916429553	431.015716141601	440.996455072127
226.1409136688	193.081976648535	779.383057847802	1000.28372397537
160.452362555482	135.057341179027	89.7579120212406	107.914426652944
119.531625796366	120.050969936913	109.309140382303	113.102620242028
162.606085542804	68.0288829642507	750.944907504439	863.315413223553
246.601282048359	212.090046888546	1392.58067462657	1772.28693003104
197.065653339955	190.080702400112	848.70104930975	914.159710396574
55.9967976703696	88.0373779537362	94.2013730123911	103.763871781677
215.372298732191	192.081551899061	183.959285033632	183.662053053568
159.375501061821	113.047996690593	85.3144510300901	90.274568450059
89.3795039738592	71.0301572126735	130.637753139825	120.366091266745
63.5348281259963	65.0276087158279	91.5352964177008	89.2369297322422
143.222578656907	155.065836168513	75.5388368495589	79.8981812718913
131.377102226636	191.081127149586	141.302059518587	131.78011716273
121.685348783688	149.063287671667	66.6519148672579	60.1830456333727
147.530024631551	152.06456192009	80.8709900389396	108.952065370761
115.224179821722	137.058190677976	67.540607065488	86.1240135787919
159.375501061821	137.058190677976	84.42575883186	95.4627620391428
260.600481465951	285.121053600168	139.524675122126	157.721085108149
176.605284960397	158.067110416935	1291.26976402834	1470.33406314636
139.991994175924	179.076030155895	127.971676545135	148.382336647798
131.377102226636	174.073906408524	117.307370166374	87.1616522966087
231.525221137105	269.11425760858	392.801951617706	382.888686874388
51.6893516957258	116.049270939016	490.558093423018	519.856997626202
65.6885511133182	73.031006711622	169.74020986195	119.328452548929
150.760609112534	125.053093684284	423.90617855576	466.937423017547
65.6885511133182	136.057765928501	100.422218400002	114.140258959845
59.2273821513525	77.0327057095191	101.310910598232	94.4251233213261
218.602883213174	160.067959915884	151.966365897348	189.887885360469
128.146517745654	77.0327057095191	108.420448184073	65.3712392224565
209.987991263886	194.082401398009	120.862138959294	170.17274972195
195.988791846294	170.072207410627	73.7614524530987	78.8605425540745
128.146517745654	130.055217431656	86.2031432283202	106.876787935127
102.301841897791	127.053943183233	210.620050980535	98.5756781925931
143.222578656907	135.057341179027	87.9805276247804	92.3498458856925
95.8406729358249	141.059889675873	80.8709900389396	53.957213326472
146.45316313789	179.076030155895	49.7667631008859	86.1240135787919
163.682947036465	166.07050841273	89.7579120212406	98.5756781925931
125.992794758332	103.04374919585	106.643063787613	114.140258959845
62.4579666323353	129.054792682181	106.643063787613	106.876787935127
78.6108890372497	198.084100395906	79.0936056424794	70.5594328115404
150.760609112534	139.059040176924	87.0918354265503	65.3712392224565
401.669337135536	467.198358004486	1245.94646191861	1409.11337879517
102.301841897791	146.062013423244	46.2119943079655	100.650955628227
90.4563654675202	64.0271839663536	100.422218400002	85.0863748609751
102.301841897791	117.04969568849	151.966365897348	159.796362543783
103.378703391452	73.031006711622	125.305599950445	111.027342806394
48.4587672147429	70.0297324631992	108.420448184073	87.1616522966087
145.376301644229	189.080277650638	120.862138959294	148.382336647798
123.83907177101	140.059464926398	45.3233021097354	49.806658455205
101.22498040413	112.047571941119	125.305599950445	135.930672033997
134.607686707619	182.077304404318	74.6501446513288	69.5217940937236
105.532426378774	184.078153903267	103.088294994692	86.1240135787919
159.375501061821	191.081127149586	88.8692198230105	70.5594328115404
527.662131893868	513.217896480303	1690.29256103366	1875.0131630949
127.069656251993	129.054792682181	74.6501446513288	89.2369297322422
339.211370503201	331.140592075985	1213.06485058409	1206.7738288209
164.759808530126	255.10831111594	88.8692198230105	101.688594346043
104.455564885113	184.078153903267	72.8727602548686	94.4251233213261
76.4571660499277	57.0242107200337	96.8674496070815	87.1616522966087
45.2281827337601	81.0344047074162	120.862138959294	135.930672033997
507.201763514309	507.215347983457	1019.32995136993	1114.42398293521
110.916733847078	101.042899696902	214.174819773455	93.3874846035093
193.835068858972	186.079003402215	95.9787574088514	128.667201009279
142.145717163246	159.06753516641	108.420448184073	87.1616522966087
180.91273093504	107.045448193747	116.418677968144	78.8605425540745
88.3026424801983	130.055217431656	81.7596822371697	39.4302712770373
80.7646120245716	149.063287671667	79.0936056424794	128.667201009279
171.220977492092	176.074755907472	151.966365897348	133.855394598363
121.685348783688	139.059040176924	65.7632226690278	72.6347102471739
65.6885511133182	80.033979957942	263.052890676111	265.635511761093
226.1409136688	400.16989978971	979.338802449576	1592.77543184874
78.6108890372497	110.04672244217	80.8709900389396	94.4251233213261
163.682947036465	142.060314425347	79.0936056424794	77.8229038362578
102.301841897791	96.0407759495304	86.2031432283202	87.1616522966087
153.991193593516	217.092170635918	77.3162212460191	90.274568450059
151.837470606195	170.072207410627	76.427529047789	76.785265118441
119.531625796366	90.0382274526847	79.0936056424794	99.6133169104099
106.609287872434	104.044173945325	83.5370666336299	87.1616522966087
137.838271188602	85.0361037053133	98.6448340035417	108.952065370761
170.144115998431	111.047147191644	94.2013730123911	87.1616522966087
136.761409694941	209.088772640123	83.5370666336299	73.6723489649907
162.606085542804	126.053518433759	89.7579120212406	97.5380394747764
102.301841897791	136.057765928501	76.427529047789	99.6133169104099
145.376301644229	124.05266893481	86.2031432283202	108.952065370761
229.371498149783	259.110010113837	131.526445338056	112.064981524211
80.7646120245716	75.0318562105706	95.0900652106212	117.253175113295
129.223379239315	120.050969936913	95.0900652106212	133.855394598363
356.441154401776	206.087498391701	1121.52955416639	1369.68310751814
50.6124902020649	89.0378027032104	149.300289302658	171.210388439767
254.139312503985	168.071357911678	48.8780709026558	83.0110974253416
282.13771133917	255.10831111594	70.2066836601783	108.952065370761
109.839872353417	197.083675646432	56.8763006867267	98.5756781925931
158.29863956816	279.118505103323	112.863909175223	113.102620242028
75.3803045562668	71.0301572126735	96.8674496070815	97.5380394747764
99.0712574168078	104.044173945325	106.643063787613	89.2369297322422
95.8406729358249	98.0416254484789	90.6466042194707	89.2369297322422
156.144916580838	129.054792682181	112.863909175223	114.140258959845
141.068855669585	96.0407759495304	75.5388368495589	115.177897677661
174.451561973075	130.055217431656	114.641293571684	138.00594946963
134.607686707619	181.076879654844	73.7614524530987	118.290813831112
111.993595340739	120.050969936913	184.847977231862	190.925524078286
125.992794758332	118.050120437964	444.346099115053	437.883538918677
191.68134587165	158.067110416935	113.752601373453	111.027342806394
160.452362555482	139.059040176924	79.0936056424794	63.295961786823
128.146517745654	136.057765928501	90.6466042194707	86.1240135787919
712.882308803552	934.396716008972	2625.19675357173	3122.25490191066
127.069656251993	79.0335552084677	93.312680814161	91.3122071678758
89.3795039738592	84.0356789558391	238.169509125668	240.732182533491
164.759808530126	149.063287671667	77.3162212460191	94.4251233213261
95.8406729358249	134.056916429553	79.9822978407095	63.295961786823
67.8422741006401	95.0403512000561	172.40628645664	143.194143058714
113.0704568344	141.059889675873	84.42575883186	74.7099876828074
141.068855669585	151.064137170615	50.655455299116	84.0487361431584
169.06725450477	188.079852901164	205.287897791154	254.221485865109
325.212171085608	310.131672337025	1022.88472016285	1031.41288550987
128.146517745654	169.071782661152	83.5370666336299	75.7476264006242
159.375501061821	168.071357911678	99.5335262017718	129.704839727096
87.2257809865373	184.078153903267	40.8798411185848	98.5756781925931
127.069656251993	228.096842880135	91.5352964177008	78.8605425540745
59.2273821513525	81.0344047074162	95.9787574088514	88.1992910144254
123.83907177101	94.0399264505818	77.3162212460191	90.274568450059
124.915933264671	159.06753516641	67.540607065488	54.9948520442888
110.916733847078	113.047996690593	104.865679391152	85.0863748609751
51.6893516957258	109.046297692696	119.084754562834	102.72623306386
745.18815361338	730.31006711622	1253.94469170268	1420.52740469116
147.530024631551	103.04374919585	55.0989162902665	85.0863748609751
192.758207365311	173.073481659049	80.8709900389396	102.72623306386
116.301041315383	217.092170635918	75.5388368495589	100.650955628227
161.529224049143	161.068384665358	73.7614524530987	72.6347102471739
127.069656251993	118.050120437964	69.3179914619482	107.914426652944
148.606886125212	195.082826147484	317.263114768148	246.958014840391
86.1489194928763	69.0293077137249	151.966365897348	135.930672033997
97.9943959231468	186.079003402215	111.975216976993	83.0110974253416
109.839872353417	149.063287671667	84.42575883186	76.785265118441
99.0712574168078	136.057765928501	79.0936056424794	77.8229038362578
116.301041315383	133.056491680079	97.7561418053116	111.027342806394
123.83907177101	112.047571941119	223.950433953986	120.366091266745
136.761409694941	116.049270939016	119.084754562834	65.3712392224565
124.915933264671	139.059040176924	108.420448184073	99.6133169104099
134.607686707619	145.06158867377	76.427529047789	119.328452548929
177.682146454057	126.053518433759	68.4292992637181	102.72623306386
116.301041315383	194.082401398009	76.427529047789	103.763871781677
161.529224049143	111.047147191644	107.531755985843	111.027342806394
217.526021719513	162.068809414832	584.759466435409	665.126418120549
131.377102226636	131.05564218113	83.5370666336299	121.403729984562
113.0704568344	165.070083663255	103.976987192922	74.7099876828074
141.068855669585	197.083675646432	145.745520509737	138.00594946963
75.3803045562668	72.0305819621478	114.641293571684	98.5756781925931
59.2273821513525	25.0106187368569	125.305599950445	112.064981524211
156.144916580838	141.059889675873	64.8745304707977	62.2583230690062
155.068055087177	153.064986669564	141.302059518587	84.0487361431584
120.608487290027	217.092170635918	168.85151766372	141.118865623081
137.838271188602	223.094719132763	85.3144510300901	96.5004007569596
131.377102226636	142.060314425347	39.1024567221246	71.5970715293571
149.683747618873	142.060314425347	232.837355936288	190.925524078286
206.757406782903	204.086648892752	69.3179914619482	83.0110974253416
152.914332099855	116.049270939016	63.9858382725676	111.027342806394
136.761409694941	172.073056909575	75.5388368495589	98.5756781925931
203.52682230192	162.068809414832	167.07413326726	123.479007420196
838.875103561883	870.369532042619	1883.13876804959	2119.89590049966
87.2257809865373	145.06158867377	79.0936056424794	74.7099876828074
161.529224049143	139.059040176924	54.2102240920364	73.6723489649907
186.297038403345	271.115107107528	126.194292148675	126.591923573646
89.3795039738592	140.059464926398	78.2049134442492	81.9734587075248
110.916733847078	132.056066930604	112.863909175223	106.876787935127
187.373899897006	185.078578652741	83.5370666336299	104.801510499494
163.682947036465	154.065411419038	87.9805276247804	161.871639979416
230.448359643444	235.099816126455	115.529985769914	87.1616522966087
147.530024631551	111.047147191644	78.2049134442492	41.5055487126708
317.674140629982	323.137194080191	858.476663490282	945.288871931077
117.377902809044	75.0318562105706	149.300289302658	99.6133169104099
76.4571660499277	171.072632160101	87.0918354265503	63.295961786823
173.374700479414	259.110010113837	113.752601373453	92.3498458856925
176.605284960397	136.057765928501	94.2013730123911	75.7476264006242
306.905525693372	366.155458307585	1023.77341236108	1145.55314446971
131.377102226636	89.0378027032104	80.8709900389396	67.44651665809
158.29863956816	148.062862922193	77.3162212460191	75.7476264006242
108.763010859756	90.0382274526847	210.620050980535	198.188995103003
104.455564885113	49.0208127242395	347.478649507971	346.571331750801
55.9967976703696	39.0165652294967	101.310910598232	144.231781776531
83.9951965055544	66.0280334653021	106.643063787613	125.554284855829
146.45316313789	208.088347890649	62.2084538761074	87.1616522966087
125.992794758332	153.064986669564	88.8692198230105	85.0863748609751
145.376301644229	154.065411419038	105.754371589383	101.688594346043
313.366694655338	300.127424842282	1141.08078252745	1250.35465496921
189.527622884328	188.079852901164	114.641293571684	114.140258959845
129.223379239315	179.076030155895	97.7561418053116	72.6347102471739
141.068855669585	154.065411419038	52.4328396955762	80.9358199897081
94.763811442164	160.067959915884	58.6536850831869	103.763871781677
93.686949948503	88.0373779537362	103.976987192922	138.00594946963
133.530825213958	135.057341179027	59.542377281417	49.806658455205
61.3811051386744	87.0369532042619	79.9822978407095	86.1240135787919
143.222578656907	161.068384665358	51.5441474973461	94.4251233213261
169.06725450477	193.081976648535	84.42575883186	87.1616522966087
104.455564885113	144.061163924296	57.7649928849568	100.650955628227
144.299440150568	104.044173945325	46.2119943079655	97.5380394747764
124.915933264671	191.081127149586	59.542377281417	61.2206843511894
113.0704568344	107.045448193747	117.307370166374	108.952065370761
110.916733847078	196.083250896958	86.2031432283202	123.479007420196
129.223379239315	60.0254849684565	78.2049134442492	69.5217940937236
100.148118910469	118.050120437964	87.9805276247804	98.5756781925931
60.3042436450134	51.021662223188	115.529985769914	130.742478444913
136.761409694941	136.057765928501	45.3233021097354	51.8819358908385
130.300240732975	116.049270939016	85.3144510300901	89.2369297322422
124.915933264671	160.067959915884	150.188981500888	117.253175113295
108.763010859756	157.066685667461	227.505202746907	184.699691771385
153.991193593516	116.049270939016	212.397435376995	188.850246642652
139.991994175924	163.069234164307	74.6501446513288	65.3712392224565
164.759808530126	149.063287671667	81.7596822371697	85.0863748609751
193.835068858972	234.09939137698	156.409826888498	134.89303331618
134.607686707619	173.073481659049	105.754371589383	115.177897677661
134.607686707619	58.0246354695079	83.5370666336299	69.5217940937236
186.297038403345	157.066685667461	94.2013730123911	86.1240135787919
141.068855669585	259.110010113837	97.7561418053116	126.591923573646
136.761409694941	123.052244185336	84.42575883186	60.1830456333727
191.68134587165	112.047571941119	231.059971539827	131.78011716273
75.3803045562668	87.0369532042619	104.865679391152	124.516646138012
157.221778074499	187.079428151689	493.224170017708	646.448921199848
192.758207365311	172.073056909575	76.427529047789	115.177897677661
164.759808530126	190.080702400112	71.9840680566385	84.0487361431584
142.145717163246	196.083250896958	83.5370666336299	75.7476264006242
125.992794758332	161.068384665358	53.3215318938063	75.7476264006242
138.915132682263	222.094294383289	99.5335262017718	122.441368702379
81.8414735182325	108.045872943222	150.188981500888	114.140258959845
227.217775162461	270.114682358054	732.282371341607	707.669605551037
213.218575744869	224.095143882237	116.418677968144	125.554284855829
191.68134587165	248.10533786962	117.307370166374	152.532891519065
38.7670137717944	109.046297692696	161.741980077879	208.565382281171
130.300240732975	136.057765928501	58.6536850831869	69.5217940937236
72.1497200752839	150.063712421141	86.2031432283202	71.5970715293571
109.839872353417	181.076879654844	143.079443915047	144.231781776531
134.607686707619	119.050545187439	320.817883561068	344.496054315168
60.3042436450134	54.0229364716108	111.975216976993	120.366091266745
104.455564885113	136.057765928501	263.052890676111	207.527743563354
287.522018807475	301.127849591757	618.529769968153	679.653360169984
100.148118910469	78.0331304589934	81.7596822371697	98.5756781925931
87.2257809865373	142.060314425347	65.7632226690278	99.6133169104099
40.9207367591163	43.0182642273938	80.8709900389396	119.328452548929
141.068855669585	134.056916429553	62.2084538761074	89.2369297322422
115.224179821722	168.071357911678	89.7579120212406	76.785265118441
119.531625796366	73.031006711622	80.8709900389396	89.2369297322422
71.072858581623	118.050120437964	103.976987192922	179.511498182301
130.300240732975	110.04672244217	74.6501446513288	90.274568450059
137.838271188602	124.05266893481	88.8692198230105	73.6723489649907
124.915933264671	130.055217431656	82.6483744353998	79.8981812718913
165.836670023787	188.079852901164	95.0900652106212	100.650955628227
79.6877505309106	16.0067959915884	115.529985769914	131.78011716273
199.219376327277	207.087923141175	126.194292148675	158.758723825966
226.1409136688	239.101515124352	158.187211284959	157.721085108149
34.4595677971505	47.0199632252909	82.6483744353998	122.441368702379
94.763811442164	123.052244185336	345.701265111511	332.044389701366
54.9199361767087	99.0420501979532	173.294978654871	183.662053053568
120.608487290027	246.104488370672	275.494581451333	293.651757142146
698.883109385959	933.396291259498	1917.79776378057	2512.1233358344
198.142514833616	155.065836168513	361.697724679653	313.366892780665
48.4587672147429	36.0152909810739	80.8709900389396	97.5380394747764
145.376301644229	153.064986669564	246.167738909739	200.264272538637
55.9967976703696	25.0106187368569	162.630672276109	115.177897677661
120.608487290027	138.05861542745	79.9822978407095	99.6133169104099
111.993595340739	95.0403512000561	95.9787574088514	98.5756781925931
108.763010859756	89.0378027032104	91.5352964177008	150.457614083432
188.450761390667	238.101090374877	132.415137536286	152.532891519065
170.144115998431	156.066260917987	71.0953758584084	86.1240135787919
95.8406729358249	76.0322809600449	103.976987192922	90.274568450059
176.605284960397	155.065836168513	183.070592835402	206.490104845537
274.599680883543	286.121478349643	648.745304707977	590.416430437742
150.760609112534	164.069658913781	161.741980077879	179.511498182301
149.683747618873	205.087073642226	76.427529047789	102.72623306386
137.838271188602	84.0356789558391	160.853287879649	129.704839727096
290.752603288458	220.09344488434	155.521134690268	140.081226905264
181.989592428701	121.051394686387	105.754371589383	74.7099876828074
35.5364292908115	47.0199632252909	172.40628645664	224.129963048422
155.068055087177	164.069658913781	127.971676545135	125.554284855829
90.4563654675202	173.073481659049	89.7579120212406	85.0863748609751
129.223379239315	103.04374919585	105.754371589383	90.274568450059
227.217775162461	167.070933162204	895.801735815946	1166.30591882605
143.222578656907	147.062438172718	143.079443915047	174.323304593217
246.601282048359	168.071357911678	729.616294746916	722.196547600472
153.991193593516	174.073906408524	59.542377281417	67.44651665809
127.069656251993	86.0365284547876	418.574025366379	494.953668398599
195.988791846294	283.12020410122	164.408056672569	134.89303331618
223.987190681478	229.097267629609	195.512283610623	175.360943311034
108.763010859756	94.0399264505818	147.522904906197	112.064981524211
134.607686707619	139.059040176924	80.8709900389396	80.9358199897081
161.529224049143	117.04969568849	158.187211284959	97.5380394747764
128.146517745654	178.075605406421	66.6519148672579	66.4088779402733
164.759808530126	137.058190677976	54.2102240920364	56.0324907621056
234.755805618088	235.099816126455	156.409826888498	127.629562291463
123.83907177101	70.0297324631992	79.0936056424794	64.3336005046397
143.222578656907	117.04969568849	92.4239886159309	98.5756781925931
125.992794758332	95.0403512000561	277.271965847793	249.033292276025
148.606886125212	122.051819435862	103.088294994692	92.3498458856925
149.683747618873	151.064137170615	80.8709900389396	81.9734587075248
147.530024631551	137.058190677976	75.5388368495589	84.0487361431584
148.606886125212	114.048421440067	108.420448184073	106.876787935127
96.9175344294859	126.053518433759	96.8674496070815	151.495252801248
142.145717163246	134.056916429553	65.7632226690278	62.2583230690062
132.453963720297	77.0327057095191	117.307370166374	103.763871781677
141.068855669585	53.0225117221365	151.077673699118	156.683446390332
101.22498040413	116.049270939016	103.088294994692	93.3874846035093
185.220176909684	144.061163924296	76.427529047789	95.4627620391428
158.29863956816	135.057341179027	58.6536850831869	74.7099876828074
149.683747618873	237.100665625403	174.183670853101	121.403729984562
120.608487290027	142.060314425347	87.9805276247804	89.2369297322422
97.9943959231468	95.0403512000561	124.416907752215	99.6133169104099
97.9943959231468	52.0220869726623	92.4239886159309	88.1992910144254
69.995997087962	71.0301572126735	143.968136113277	105.839149217311
178.759007947718	182.077304404318	109.309140382303	93.3874846035093
85.0720579992154	73.031006711622	151.966365897348	122.441368702379
49.5356287084039	47.0199632252909	186.625361628322	144.231781776531
600.888713462812	938.39841500687	2353.25694091332	3109.80323729686
32.3058448098286	37.0157157305482	106.643063787613	136.968310751814
78.6108890372497	92.0390769516333	116.418677968144	123.479007420196
27.9983988351848	66.0280334653021	179.515824042481	290.538840988696
90.4563654675202	110.04672244217	80.8709900389396	86.1240135787919
103.378703391452	143.060739174821	329.704805543369	494.953668398599
144.299440150568	215.091321136969	93.312680814161	138.00594946963
315.52041764266	353.149936564419	131.526445338056	163.94691741505
90.4563654675202	97.0412006990046	180.404516240711	150.457614083432
33.3827063034896	77.0327057095191	140.413367320357	226.205240484056
260.600481465951	311.132097086499	938.458961330991	1083.29482140071
30.1521218225067	63.0267592168793	120.862138959294	104.801510499494
54.9199361767087	53.0225117221365	153.743750293808	164.984556132866
105.532426378774	116.049270939016	420.35140976284	389.114519181289
23.690952860541	52.0220869726623	87.0918354265503	111.027342806394
163.682947036465	95.0403512000561	83.5370666336299	98.5756781925931
169.06725450477	226.095993381186	71.9840680566385	96.5004007569596
118.454764302705	109.046297692696	97.7561418053116	95.4627620391428
189.527622884328	208.088347890649	109.309140382303	93.3874846035093
129.223379239315	105.044598694799	77.3162212460191	76.785265118441
35.5364292908115	40.016989978971	92.4239886159309	85.0863748609751
38.7670137717944	36.0152909810739	86.2031432283202	87.1616522966087
129.223379239315	136.057765928501	229.282587143367	196.11371766737
129.223379239315	160.067959915884	53.3215318938063	53.957213326472
153.991193593516	164.069658913781	134.192521932746	105.839149217311
103.378703391452	144.061163924296	79.9822978407095	67.44651665809
135.68454820128	135.057341179027	134.192521932746	146.307059212165
116.301041315383	255.10831111594	438.125253727442	490.803113527332
131.377102226636	143.060739174821	64.8745304707977	68.4841553759068
71.072858581623	61.0259097179308	95.9787574088514	94.4251233213261
117.377902809044	63.0267592168793	151.966365897348	107.914426652944
147.530024631551	171.072632160101	85.3144510300901	72.6347102471739
114.147318328061	192.081551899061	86.2031432283202	92.3498458856925
111.993595340739	130.055217431656	117.307370166374	87.1616522966087
149.683747618873	142.060314425347	73.7614524530987	52.9195746086553
97.9943959231468	127.053943183233	195.512283610623	270.823705350177
82.9183350118935	117.04969568849	327.927421146909	552.023797878522
131.377102226636	123.052244185336	95.9787574088514	96.5004007569596
173.374700479414	137.058190677976	137.747290725666	95.4627620391428
117.377902809044	197.083675646432	439.902638123902	374.587577131854
151.837470606195	167.070933162204	210.620050980535	226.205240484056
142.145717163246	71.0301572126735	207.065282187614	268.748427914543
151.837470606195	157.066685667461	96.8674496070815	112.064981524211
216.449160225852	95.0403512000561	226.616510548677	183.662053053568
104.455564885113	97.0412006990046	88.8692198230105	97.5380394747764
148.606886125212	135.057341179027	111.975216976993	107.914426652944
59.2273821513525	67.0284582147764	89.7579120212406	114.140258959845
116.301041315383	181.076879654844	118.196062364604	123.479007420196
159.375501061821	161.068384665358	247.945123306199	213.753575870255
230.448359643444	315.133796084397	412.353179978769	377.700493285304
166.913531517448	66.0280334653021	91.5352964177008	89.2369297322422
141.068855669585	186.079003402215	90.6466042194707	65.3712392224565
179.835869441379	180.076454905369	80.8709900389396	80.9358199897081
71.072858581623	94.0399264505818	114.641293571684	106.876787935127
162.606085542804	148.062862922193	140.413367320357	112.064981524211
59.2273821513525	97.0412006990046	182.181900637172	208.565382281171
175.528423466736	183.077729153792	78.2049134442492	70.5594328115404
188.450761390667	229.097267629609	82.6483744353998	138.00594946963
125.992794758332	133.056491680079	63.9858382725676	105.839149217311
91.5332269611811	71.0301572126735	84.42575883186	87.1616522966087
253.062451010324	239.101515124352	114.641293571684	128.667201009279
134.607686707619	138.05861542745	68.4292992637181	83.0110974253416
131.377102226636	136.057765928501	81.7596822371697	97.5380394747764
114.147318328061	99.0420501979532	132.415137536286	124.516646138012
169.06725450477	95.0403512000561	168.85151766372	162.909278697233
66.7654126069792	88.0373779537362	87.0918354265503	86.1240135787919
164.759808530126	86.0365284547876	73.7614524530987	115.177897677661
122.762210277349	79.0335552084677	78.2049134442492	71.5970715293571
122.762210277349	85.0361037053133	101.310910598232	76.785265118441
115.224179821722	64.0271839663536	303.932731794696	227.242879201873
66.7654126069792	119.050545187439	94.2013730123911	100.650955628227
137.838271188602	176.074755907472	66.6519148672579	78.8605425540745
220.756606200496	221.093869633815	121.750831157524	113.102620242028
276.753403870865	327.138893078088	373.250723256644	530.233384804369
264.907927440595	278.118080353848	338.59172752567	449.297564814661
123.83907177101	117.04969568849	79.9822978407095	63.295961786823
124.915933264671	164.069658913781	57.7649928849568	78.8605425540745
115.224179821722	171.072632160101	66.6519148672579	94.4251233213261
104.455564885113	136.057765928501	82.6483744353998	68.4841553759068
89.3795039738592	60.0254849684565	87.0918354265503	117.253175113295
138.915132682263	179.076030155895	93.312680814161	70.5594328115404
123.83907177101	181.076879654844	103.976987192922	95.4627620391428
121.685348783688	127.053943183233	119.973446761064	202.33954997427
128.146517745654	137.058190677976	131.526445338056	140.081226905264
100.148118910469	59.0250602189822	104.865679391152	141.118865623081
156.144916580838	180.076454905369	76.427529047789	89.2369297322422
163.682947036465	197.083675646432	64.8745304707977	72.6347102471739
78.6108890372497	77.0327057095191	83.5370666336299	104.801510499494
141.068855669585	206.087498391701	69.3179914619482	118.290813831112
187.373899897006	187.079428151689	97.7561418053116	81.9734587075248
133.530825213958	147.062438172718	87.9805276247804	89.2369297322422
92.6100884548421	119.050545187439	93.312680814161	96.5004007569596
64.6116896196573	90.0382274526847	102.199602796462	89.2369297322422
117.377902809044	169.071782661152	286.158887830094	352.797164057702
89.3795039738592	75.0318562105706	154.632442492038	187.812607924835
211.064852757547	132.056066930604	103.976987192922	123.479007420196
129.223379239315	161.068384665358	56.8763006867267	58.1077681977391
116.301041315383	132.056066930604	68.4292992637181	88.1992910144254
201.373099314598	247.104913120146	103.976987192922	130.742478444913
136.761409694941	103.04374919585	171.51759425841	139.043588187447
153.991193593516	206.087498391701	172.40628645664	147.344697929981
220.756606200496	175.074331157998	100.422218400002	114.140258959845
60.3042436450134	40.016989978971	198.178360205313	191.963162796102
101.22498040413	71.0301572126735	173.294978654871	171.210388439767
44.1513212400991	7.00297324631992	85.3144510300901	105.839149217311
51.6893516957258	39.0165652294967	122.639523355755	104.801510499494
122.762210277349	90.0382274526847	75.5388368495589	106.876787935127
209.987991263886	162.068809414832	109.309140382303	145.269420494348
257.369896984968	166.07050841273	206.176589989384	215.828853305888
123.83907177101	157.066685667461	263.052890676111	241.769821251307
146.45316313789	261.110859612786	191.957514817703	162.909278697233
983.174543712451	1194.50715087228	695.845991214172	826.998058099966
127.069656251993	185.078578652741	68.4292992637181	94.4251233213261
110.916733847078	130.055217431656	78.2049134442492	102.72623306386
160.452362555482	129.054792682181	95.0900652106212	67.44651665809
127.069656251993	207.087923141175	110.197832580533	108.952065370761
231.525221137105	203.086224143278	776.716981253112	706.63196683322
117.377902809044	132.056066930604	322.595267957528	322.705641241015
156.144916580838	87.0369532042619	219.506972962836	194.038440231736
49.5356287084039	29.012317734754	111.086524778763	177.436220746668
187.373899897006	142.060314425347	79.0936056424794	73.6723489649907
80.7646120245716	98.0416254484789	90.6466042194707	106.876787935127
115.224179821722	161.068384665358	99.5335262017718	114.140258959845
109.839872353417	147.062438172718	450.566944502663	601.830456333727
358.594877389098	291.123602097014	728.727602548686	967.07928500523
129.223379239315	141.059889675873	86.2031432283202	75.7476264006242
165.836670023787	170.072207410627	119.973446761064	117.253175113295
146.45316313789	174.073906408524	55.0989162902665	48.7690197373882
74.3034430626059	88.0373779537362	132.415137536286	88.1992910144254
63.5348281259963	115.048846189542	119.084754562834	113.102620242028
127.069656251993	147.062438172718	64.8745304707977	69.5217940937236
137.838271188602	152.06456192009	40.8798411185848	61.2206843511894
128.146517745654	162.068809414832	111.975216976993	75.7476264006242
79.6877505309106	64.0271839663536	89.7579120212406	97.5380394747764
114.147318328061	106.045023444273	463.008635277885	456.561035839379
99.0712574168078	140.059464926398	126.194292148675	126.591923573646
103.378703391452	110.04672244217	94.2013730123911	128.667201009279
107.686149366095	50.0212374737137	154.632442492038	157.721085108149
131.377102226636	150.063712421141	515.441474973461	540.609771982537
271.369096402561	479.203454998178	1324.15137536286	1568.90974133896
133.530825213958	180.076454905369	339.4804197239	422.318958151425
233.678944124427	216.091745886443	127.971676545135	144.231781776531
158.29863956816	129.054792682181	167.07413326726	163.94691741505
117.377902809044	149.063287671667	122.639523355755	86.1240135787919
128.146517745654	94.0399264505818	116.418677968144	89.2369297322422
117.377902809044	86.0365284547876	85.3144510300901	96.5004007569596
81.8414735182325	112.047571941119	385.692414031866	395.340351488189
57.0736591640306	24.0101939873826	119.973446761064	127.629562291463
171.220977492092	184.078153903267	614.086308977003	582.115320695208
514.739793969936	430.182642273938	1564.98696108322	1713.14152311549
152.914332099855	100.042474947427	255.05466089204	245.920376122574
218.602883213174	134.056916429553	349.256033904431	399.490906359456
117.377902809044	108.045872943222	97.7561418053116	100.650955628227
102.301841897791	105.044598694799	91.5352964177008	88.1992910144254
94.763811442164	126.053518433759	170.62890206018	128.667201009279
63.5348281259963	121.051394686387	237.280816927438	223.092324330606
158.29863956816	170.072207410627	260.386814081421	217.904130741522
151.837470606195	201.085374644329	107.531755985843	78.8605425540745
99.0712574168078	133.056491680079	114.641293571684	145.269420494348
159.375501061821	125.053093684284	68.4292992637181	116.215536395478
90.4563654675202	68.0288829642507	81.7596822371697	96.5004007569596
163.682947036465	147.062438172718	79.0936056424794	95.4627620391428
111.993595340739	74.0314314610963	123.528215553985	105.839149217311
76.4571660499277	36.0152909810739	160.853287879649	183.662053053568
133.530825213958	217.092170635918	69.3179914619482	116.215536395478
115.224179821722	176.074755907472	59.542377281417	88.1992910144254
95.8406729358249	184.078153903267	46.2119943079655	97.5380394747764
96.9175344294859	173.073481659049	258.609429684961	221.017046894972
110.916733847078	111.047147191644	101.310910598232	85.0863748609751
147.530024631551	223.094719132763	76.427529047789	99.6133169104099
133.530825213958	101.042899696902	82.6483744353998	99.6133169104099
67.8422741006401	69.0293077137249	123.528215553985	91.3122071678758
101.22498040413	75.0318562105706	144.856828311507	189.887885360469
305.828664199711	338.143565322305	150.188981500888	147.344697929981
123.83907177101	134.056916429553	84.42575883186	99.6133169104099
148.606886125212	131.05564218113	110.197832580533	118.290813831112
414.591675059467	272.115531857003	987.337032233647	1011.69774987135
202.449960808259	150.063712421141	96.8674496070815	138.00594946963
187.373899897006	202.085799393803	62.2084538761074	64.3336005046397
105.532426378774	69.0293077137249	1162.40939528498	959.815813980512
135.68454820128	60.0254849684565	88.8692198230105	88.1992910144254
83.9951965055544	111.047147191644	111.975216976993	85.0863748609751
172.297838985753	215.091321136969	118.196062364604	142.156504340897
105.532426378774	145.06158867377	119.973446761064	171.210388439767
1000.40432761103	1178.5003548807	3218.84314198944	3990.7585087233
124.915933264671	87.0369532042619	119.973446761064	68.4841553759068
166.913531517448	174.073906408524	96.8674496070815	65.3712392224565
152.914332099855	193.081976648535	73.7614524530987	68.4841553759068
121.685348783688	179.076030155895	103.088294994692	89.2369297322422
166.913531517448	186.079003402215	111.975216976993	97.5380394747764
203.52682230192	147.062438172718	80.8709900389396	100.650955628227
152.914332099855	104.044173945325	119.084754562834	139.043588187447
214.29543723853	127.053943183233	363.475109076113	355.910080211152
88.3026424801983	49.0208127242395	84.42575883186	97.5380394747764
87.2257809865373	97.0412006990046	566.096930272577	721.158908882655
79.6877505309106	93.0395017011075	118.196062364604	169.135111004134
43.0744597464382	86.0365284547876	159.075903483189	171.210388439767
109.839872353417	98.0416254484789	145.745520509737	145.269420494348
138.915132682263	98.0416254484789	117.307370166374	113.102620242028
185.220176909684	77.0327057095191	239.058201323898	325.818557394466
46.305044227421	118.050120437964	103.976987192922	169.135111004134
177.682146454057	96.0407759495304	149.300289302658	141.118865623081
88.3026424801983	157.066685667461	83.5370666336299	129.704839727096
206.757406782903	191.081127149586	92.4239886159309	103.763871781677
125.992794758332	176.074755907472	86.2031432283202	89.2369297322422
149.683747618873	86.0365284547876	79.0936056424794	81.9734587075248
135.68454820128	134.056916429553	50.655455299116	63.295961786823
278.907126858187	247.104913120146	201.733128998234	209.603020998988
120.608487290027	152.06456192009	63.9858382725676	95.4627620391428
181.989592428701	264.112133861208	198.178360205313	253.183847147292
149.683747618873	155.065836168513	76.427529047789	84.0487361431584
146.45316313789	104.044173945325	143.968136113277	150.457614083432
164.759808530126	70.0297324631992	118.196062364604	120.366091266745
60.3042436450134	140.059464926398	147.522904906197	144.231781776531
394.131306679909	478.203030248703	1077.09494425489	1227.52660317724
123.83907177101	149.063287671667	183.070592835402	106.876787935127
79.6877505309106	191.081127149586	217.729588566376	109.989704088578
134.607686707619	108.045872943222	98.6448340035417	112.064981524211
151.837470606195	127.053943183233	178.627131844251	175.360943311034
137.838271188602	182.077304404318	213.286127575225	179.511498182301
415.668536553128	470.199632252909	1339.25914273277	1745.30832336781
117.377902809044	40.016989978971	207.065282187614	241.769821251307
105.532426378774	182.077304404318	81.7596822371697	70.5594328115404
127.069656251993	206.087498391701	144.856828311507	102.72623306386
125.992794758332	91.038652202159	78.2049134442492	90.274568450059
121.685348783688	88.0373779537362	53.3215318938063	101.688594346043
143.222578656907	187.079428151689	172.40628645664	178.473859464484
85.0720579992154	105.044598694799	86.2031432283202	89.2369297322422
127.069656251993	148.062862922193	55.9876084884966	57.0701294799224
217.526021719513	154.065411419038	354.588187093812	322.705641241015
115.224179821722	201.085374644329	89.7579120212406	79.8981812718913
82.9183350118935	85.0361037053133	127.971676545135	106.876787935127
492.125702603056	717.304545373055	1936.4602999434	2411.47238020617
136.761409694941	125.053093684284	56.8763006867267	92.3498458856925
103.378703391452	126.053518433759	266.607659469032	247.995653558208
87.2257809865373	126.053518433759	215.063511971685	136.968310751814
111.993595340739	139.059040176924	111.975216976993	98.5756781925931
128.146517745654	218.092595385392	47.9893787044257	72.6347102471739
325.212171085608	204.086648892752	328.816113345139	294.689395859963
174.451561973075	268.113832859106	122.639523355755	147.344697929981
186.297038403345	192.081551899061	295.045809812395	233.468711508773
389.823860705265	458.194535259218	1463.67605048498	1299.1236747066
104.455564885113	115.048846189542	281.715426838943	114.140258959845
107.686149366095	116.049270939016	90.6466042194707	87.1616522966087
69.995997087962	84.0356789558391	80.8709900389396	89.2369297322422
119.531625796366	113.047996690593	90.6466042194707	94.4251233213261
190.604484377989	215.091321136969	130.637753139825	139.043588187447
91.5332269611811	117.04969568849	101.310910598232	106.876787935127
108.763010859756	143.060739174821	51.5441474973461	91.3122071678758
122.762210277349	125.053093684284	76.427529047789	123.479007420196
107.686149366095	147.062438172718	86.2031432283202	62.2583230690062
139.991994175924	115.048846189542	86.2031432283202	92.3498458856925
99.0712574168078	115.048846189542	103.976987192922	104.801510499494
121.685348783688	114.048421440067	129.749060941595	111.027342806394
105.532426378774	165.070083663255	71.0953758584084	98.5756781925931
159.375501061821	175.074331157998	64.8745304707977	99.6133169104099
132.453963720297	81.0344047074162	103.976987192922	124.516646138012
148.606886125212	141.059889675873	73.7614524530987	77.8229038362578
151.837470606195	152.06456192009	103.976987192922	111.027342806394
44.1513212400991	92.0390769516333	192.846207015933	173.285665875401
137.838271188602	170.072207410627	69.3179914619482	95.4627620391428
104.455564885113	118.050120437964	428.349639546911	510.518249165851
77.5340275435887	140.059464926398	226.616510548677	250.070930993842
174.451561973075	287.121903099117	439.902638123902	522.969913779652
141.068855669585	90.0382274526847	262.164198477881	285.350647399612
162.606085542804	113.047996690593	106.643063787613	103.763871781677
178.759007947718	81.0344047074162	209.731358782305	183.662053053568
134.607686707619	157.066685667461	73.7614524530987	80.9358199897081
52.7662131893868	61.0259097179308	151.966365897348	107.914426652944
47.381905721082	52.0220869726623	112.863909175223	102.72623306386
169.06725450477	196.083250896958	140.413367320357	158.758723825966
133.530825213958	188.079852901164	83.5370666336299	77.8229038362578
107.686149366095	143.060739174821	50.655455299116	91.3122071678758
175.528423466736	180.076454905369	61.3197616778773	103.763871781677
73.2265815689449	52.0220869726623	142.190751716817	104.801510499494
198.142514833616	191.081127149586	235.503432530978	212.715937152438
162.606085542804	88.0373779537362	89.7579120212406	101.688594346043
21.5372298732191	64.0271839663536	558.987392686736	1002.359001411
115.224179821722	107.045448193747	121.750831157524	114.140258959845
357.518015895437	327.138893078088	2392.35939763544	3697.10675158115
96.9175344294859	130.055217431656	277.271965847793	256.296763300742
118.454764302705	126.053518433759	156.409826888498	164.984556132866
71.072858581623	68.0288829642507	152.855058095578	206.490104845537
111.993595340739	146.062013423244	147.522904906197	187.812607924835
47.381905721082	57.0242107200337	102.199602796462	159.796362543783
109.839872353417	99.0420501979532	137.747290725666	120.366091266745
122.762210277349	136.057765928501	106.643063787613	129.704839727096
124.915933264671	170.072207410627	111.086524778763	73.6723489649907
89.3795039738592	153.064986669564	84.42575883186	53.957213326472
71.072858581623	85.0361037053133	263.941582874341	217.904130741522
128.146517745654	169.071782661152	83.5370666336299	87.1616522966087
127.069656251993	139.059040176924	86.2031432283202	118.290813831112
157.221778074499	146.062013423244	83.5370666336299	75.7476264006242
133.530825213958	98.0416254484789	169.74020986195	164.984556132866
169.06725450477	151.064137170615	290.602348821244	334.119667137
146.45316313789	123.052244185336	89.7579120212406	103.763871781677
138.915132682263	133.056491680079	47.9893787044257	73.6723489649907
153.991193593516	128.054367932707	71.9840680566385	88.1992910144254
103.378703391452	94.0399264505818	326.150036750449	199.22663382082
239.063251592732	143.060739174821	131.526445338056	122.441368702379
135.68454820128	114.048421440067	272.828504856642	177.436220746668
69.995997087962	46.0195384758166	103.976987192922	94.4251233213261
137.838271188602	113.047996690593	132.415137536286	145.269420494348
78.6108890372497	132.056066930604	83.5370666336299	66.4088779402733
65.6885511133182	65.0276087158279	85.3144510300901	92.3498458856925
118.454764302705	140.059464926398	78.2049134442492	88.1992910144254
141.068855669585	219.093020134866	110.197832580533	89.2369297322422
130.300240732975	107.045448193747	95.0900652106212	80.9358199897081
94.763811442164	145.06158867377	101.310910598232	96.5004007569596
108.763010859756	83.0352542063648	79.9822978407095	85.0863748609751
201.373099314598	115.048846189542	71.0953758584084	141.118865623081
138.915132682263	133.056491680079	82.6483744353998	73.6723489649907
71.072858581623	179.076030155895	78.2049134442492	72.6347102471739
169.06725450477	139.059040176924	334.14826653452	295.727034577779
74.3034430626059	94.0399264505818	111.975216976993	92.3498458856925
139.991994175924	165.070083663255	519.884935964611	445.147009943394
147.530024631551	218.092595385392	68.4292992637181	64.3336005046397
53.8430746830477	37.0157157305482	95.0900652106212	100.650955628227
123.83907177101	121.051394686387	110.197832580533	86.1240135787919
158.29863956816	190.080702400112	123.528215553985	98.5756781925931
86.1489194928763	134.056916429553	100.422218400002	112.064981524211
123.83907177101	187.079428151689	52.4328396955762	63.295961786823
99.0712574168078	82.0348294568905	196.400975808853	95.4627620391428
197.065653339955	131.05564218113	54.2102240920364	68.4841553759068
55.9967976703696	184.078153903267	78.2049134442492	46.6937423017546
134.607686707619	137.058190677976	57.7649928849568	51.8819358908385
189.527622884328	147.062438172718	74.6501446513288	77.8229038362578
105.532426378774	66.0280334653021	125.305599950445	175.360943311034
116.301041315383	97.0412006990046	93.312680814161	116.215536395478
115.224179821722	52.0220869726623	190.180130421242	180.549136900118
49.5356287084039	62.026334467405	114.641293571684	102.72623306386
46.305044227421	42.0178394779195	112.863909175223	105.839149217311
108.763010859756	118.050120437964	435.459177132752	460.711590710646
46.305044227421	64.0271839663536	135.081214130976	119.328452548929
205.680545289242	296.125725844385	588.31423522833	594.566985309009
133.530825213958	133.056491680079	202.621821196464	159.796362543783
67.8422741006401	65.0276087158279	89.7579120212406	86.1240135787919
211.064852757547	149.063287671667	168.85151766372	118.290813831112
108.763010859756	108.045872943222	95.0900652106212	87.1616522966087
107.686149366095	118.050120437964	162.630672276109	151.495252801248
65.6885511133182	66.0280334653021	88.8692198230105	91.3122071678758
74.3034430626059	89.0378027032104	90.6466042194707	88.1992910144254
175.528423466736	135.057341179027	112.863909175223	127.629562291463
129.223379239315	140.059464926398	104.865679391152	104.801510499494
117.377902809044	147.062438172718	168.85151766372	124.516646138012
156.144916580838	154.065411419038	68.4292992637181	80.9358199897081
121.685348783688	101.042899696902	81.7596822371697	75.7476264006242
109.839872353417	39.0165652294967	93.312680814161	87.1616522966087
199.219376327277	93.0395017011075	387.469798428326	242.807459969124
149.683747618873	175.074331157998	55.0989162902665	73.6723489649907
121.685348783688	134.056916429553	277.271965847793	180.549136900118
132.453963720297	161.068384665358	87.9805276247804	52.9195746086553
159.375501061821	173.073481659049	78.2049134442492	132.817755880547
376.901522781334	564.239558703491	225.727818350447	232.431072790956
141.068855669585	160.067959915884	93.312680814161	111.027342806394
173.374700479414	201.085374644329	99.5335262017718	153.570530236882
97.9943959231468	108.045872943222	102.199602796462	111.027342806394
296.136910756762	389.165227545493	1087.75925063365	1293.93548111751
96.9175344294859	152.06456192009	65.7632226690278	102.72623306386
131.377102226636	113.047996690593	101.310910598232	58.1077681977391
101.22498040413	140.059464926398	85.3144510300901	90.274568450059
93.686949948503	103.04374919585	89.7579120212406	87.1616522966087
162.606085542804	75.0318562105706	231.059971539827	357.985357646786
134.607686707619	159.06753516641	505.66586079293	486.652558656065
122.762210277349	158.067110416935	66.6519148672579	97.5380394747764
68.9191355943011	110.04672244217	104.865679391152	90.274568450059
88.3026424801983	188.079852901164	95.0900652106212	49.806658455205
157.221778074499	175.074331157998	104.865679391152	114.140258959845
212.141714251208	194.082401398009	87.0918354265503	94.4251233213261
136.761409694941	107.045448193747	185.736669430092	144.231781776531
393.054445186248	393.16692654339	953.566728700903	921.423181421292
115.224179821722	155.065836168513	97.7561418053116	67.44651665809
71.072858581623	54.0229364716108	169.74020986195	131.78011716273
103.378703391452	49.0208127242395	132.415137536286	113.102620242028
142.145717163246	144.061163924296	206.176589989384	196.11371766737
120.608487290027	128.054367932707	200.844436800004	162.909278697233
145.376301644229	146.062013423244	53.3215318938063	63.295961786823
85.0720579992154	134.056916429553	58.6536850831869	92.3498458856925
183.066453922362	99.0420501979532	78.2049134442492	99.6133169104099
