IC_1	IC_2	VC_1	VC_2
160.571248353471	213.477779149808	77.3344874696746	60.1131169852933
81.6941438991345	91.0838524372516	172.131601142179	153.492716185749
118.315656681505	108.162074769236	118.912168904984	63.0312294603075
69.0174663975446	76.8520004939311	236.992784181261	89.8778642304385
587.352724240329	283.213853672079	442.386530471687	307.5690548665
42.2555916719661	207.78503837248	80.6607019844994	61.8639844703018
33.8044733375729	95.3534080202478	83.1553628706179	66.5329644303246
114.090097514308	143.741704627538	92.3024527863859	64.1984744503132
94.3708214007243	108.162074769236	275.244251101745	166.332411075811
398.61108143888	317.370298336049	490.616640936646	497.829988237429
112.68157779191	193.55318642916	74.0082729548499	76.454546845373
156.345689186275	213.477779149808	73.1767193261437	106.802916585521
114.090097514308	166.512667736851	76.5029338409685	82.8743942904043
126.766775015898	160.819926959522	78.1660410983808	78.7890368253844
331.002134763734	290.32977964374	322.642807937997	294.729359976438
154.937169463876	233.402371870457	64.0296294103758	56.6113820152762
71.8345058423424	338.718076251029	83.9869164993241	77.0381693403758
157.754208908673	212.054593955476	68.1873975539067	49.607912075242
60.5663480631514	129.509852684217	108.101971731803	70.0346994003417
133.809373627893	136.625778655877	94.7971136725044	61.8639844703018
364.806608101307	253.326964591106	441.554976842981	392.777939136916
478.896705615616	503.807558793548	616.181238871279	617.472599713012
316.916937539746	91.0838524372516	178.784030171828	192.59542335094
194.375721691044	200.66911240082	49.8932177223707	100.38306914049
119.724176403904	207.78503837248	67.3558439252005	71.2019443903474
101.413420012719	103.89251918624	133.880134221695	141.820266285692
147.894570851881	99.622963603244	152.174314053231	130.731438880638
39.4385522271684	37.0028150526335	138.037902365226	70.6183218953445
147.894570851881	139.472149044542	591.234630010093	435.966003767127
171.839406132662	216.324149538473	296.0330918194	392.777939136916
128.175294738297	22.7709631093129	58.2087540094325	75.2873018553673
107.047498902314	111.0084451579	118.080615276277	101.550314130495
157.754208908673	192.130001234828	44.0723423214275	40.8535746501993
61.9748677855503	234.825557064789	88.9762382715611	56.0277595202733
394.385522271684	273.251557311755	592.897737267505	489.659273307389
264.801707810988	243.364668230782	190.425780973715	171.001391035834
884.55038566649	639.010152255093	844.026933136772	933.212369509553
98.5963805679209	62.6201485506105	121.406829791102	111.471896545544
171.839406132662	142.318519433206	366.715150259425	266.715480216301
180.290524467055	179.321334485839	248.634534983147	145.905623750712
135.217893350292	194.976371623492	51.5563249797831	42.020819640205
87.3282227887299	226.286445898797	65.6927366677881	79.9562818153901
128.175294738297	170.782223319847	85.6500237567364	79.3726593203872
28.1703944479774	45.5419262186258	110.596632617922	68.2838319153331
167.613846965466	99.622963603244	130.55391970687	92.2123542104498
114.090097514308	92.5070376315837	32.430591519541	79.9562818153901
83.1026636215333	76.8520004939311	138.869455993932	126.062458920615
232.405754195814	227.709631093129	210.383068062663	133.065928860649
408.470719495672	320.216668724713	391.66175912061	307.5690548665
154.937169463876	153.704000987862	81.4922556132055	61.8639844703018
159.162728631072	182.167704874503	200.404424518189	228.780018041116
152.120130019078	109.585259963568	171.300047513473	142.987511275698
67.6089466751458	139.472149044542	187.931120087596	194.346290835948
101.413420012719	35.5796298583014	81.4922556132055	117.891743990575
1021.17679873918	942.148598647821	1273.94015917787	1243.11591435606
211.27795835983	283.213853672079	110.596632617922	156.410828660763
12.6766775015898	52.6578521902861	118.912168904984	81.1235268053958
33.8044733375729	56.9274077732823	108.933525360509	97.4649566654755
204.235359747836	212.054593955476	104.775757216979	163.9979210958
157.754208908673	173.628593708511	98.1233281873291	57.7786270052819
74.6515452871401	142.318519433206	156.332082196762	86.9597517554242
90.1452622335277	88.2374820485875	243.64521321091	185.008330915903
88.7367425111288	34.1564446639694	175.457815657004	174.503126005851
135.217893350292	122.393926712557	81.4922556132055	105.052049100512
142.260491962286	132.356223072881	67.3558439252005	113.222764030552
252.125030309398	135.202593461545	110.596632617922	127.229703910621
42.2555916719661	109.585259963568	208.719960805251	124.311591435606
302.831740315757	462.535188157918	445.712744986512	427.211666342084
1566.27393130754	1689.32082567215	2356.62298375331	1809.81335700383
97.187860845522	42.6955558299617	88.144684642855	90.4614867254413
152.120130019078	101.046148797576	140.532563251344	93.3795992004555
115.498617236707	230.556001481793	243.64521321091	230.530885526125
176.064965299859	58.3505929676143	60.7034148955511	81.7071493003986
743.698413426603	545.079929429178	585.41375460915	629.728672108072
76.060065009539	116.701185935229	204.56219266172	131.315061375641
87.3282227887299	71.1592597166028	105.607310845685	77.0381693403758
1054.98127207675	1043.1947474454	892.25704360173	983.403904079797
166.205327243067	143.741704627538	86.4815773854426	119.058988980581
346.495851710122	233.402371870457	172.131601142179	238.117977961162
45.0726311167638	74.0056301052669	123.901490677221	75.2873018553673
118.315656681505	56.9274077732823	61.5349685242572	78.7890368253844
42.2555916719661	54.0810373846181	85.6500237567364	102.133936625498
43.664111394365	82.5447412712593	89.8077919002673	87.5433742504271
84.5111833439322	48.3882966072899	147.184992280994	92.2123542104498
25.3533550031797	118.124371129561	248.634534983147	357.760589436745
226.771675306218	206.361853178148	735.093407776262	818.822360488995
47.8896705615616	120.970741518225	124.733044305927	141.236643790689
118.315656681505	173.628593708511	237.824337809967	232.281753011133
164.796807520668	91.0838524372516	300.190859962931	201.349760775982
52.1152297287582	138.04896385021	80.6607019844994	95.7140891804669
90.1452622335277	165.089482542519	88.9762382715611	100.38306914049
192.967201968645	66.8897041336067	107.270418103097	100.966691635493
98.5963805679209	74.0056301052669	98.1233281873291	65.9493419353217
205.643879470235	229.132816287461	549.656948574784	509.502438137486
85.9197030663311	190.706816040496	143.027224137463	118.475366485578
130.992334183095	74.0056301052669	126.396151563339	93.9632216954584
85.9197030663311	95.3534080202478	84.8184701280302	100.38306914049
464.811508391627	324.486224307709	687.69485094001	855.590577674174
250.716510586999	139.472149044542	121.406829791102	142.987511275698
136.62641307269	91.0838524372516	62.3665221529634	66.5329644303246
126.766775015898	186.437260457499	73.1767193261437	32.0992372251566
76.060065009539	207.78503837248	93.134006415092	64.782096945316
39.4385522271684	81.1215560769272	143.027224137463	231.114508021127
121.132696126303	128.086667489885	51.5563249797831	74.1200568653616
116.907136959106	155.127186182194	83.1553628706179	80.5399043103929
50.7067100063593	99.622963603244	86.4815773854426	96.2977116754698
59.1578283407525	156.550371376526	313.495718022229	286.558645046398
126.766775015898	209.208223566812	46.567003207546	49.607912075242
107.047498902314	108.162074769236	103.944203588272	68.867454410336
411.28775894047	206.361853178148	736.756515033674	1201.09509471586
319.733976984543	271.828372117423	70.6820584400252	110.304651555538
387.342923659689	408.4541507733	563.793360262789	438.884116242141
92.9623016783254	89.6606672429196	136.374795107813	102.717559120501
84.5111833439322	86.8142968542555	146.353438652287	118.475366485578
53.5237494511571	86.8142968542555	98.9548818160353	77.6217918353787
22.5363155583819	81.1215560769272	232.003462409024	165.165166085806
59.1578283407525	112.431630352232	186.268012830184	123.144346445601
112.68157779191	64.0433337449425	154.668974939349	82.2907717954015
1246.539954323	973.458672923127	626.159882415753	473.901465942312
150.711610296679	125.240297101221	78.997594727087	67.1165869253274
240.856872530207	214.900964344141	221.193265235844	228.780018041116
132.400853905494	160.819926959522	70.6820584400252	65.9493419353217
516.926738120385	422.686002716621	694.347279969659	468.065240992283
157.754208908673	214.900964344141	70.6820584400252	101.550314130495
292.972102258965	341.564446639694	605.371041698098	553.274125262699
267.618747255785	331.602150279369	210.383068062663	288.893135026409
84.5111833439322	253.326964591106	78.1660410983808	83.4580167854071
163.388287798269	187.860445651831	123.901490677221	152.909093690746
121.132696126303	206.361853178148	113.09129350404	68.2838319153331
64.791907230348	106.738889574904	101.449542702154	92.7959767054527
32.395953615174	86.8142968542555	102.28109633086	98.6322016554812
112.68157779191	92.5070376315837	119.74372253369	68.2838319153331
214.094997804628	199.245927206488	92.3024527863859	109.721029060535
81.6941438991345	71.1592597166028	132.217026964282	95.7140891804669
132.400853905494	83.9679264655913	96.4602209299167	85.7925067654185
108.456018624713	186.437260457499	443.218084100393	257.377520296256
36.6215127823706	51.234666995954	124.733044305927	86.3761292604214
60.5663480631514	128.086667489885	181.278691057947	140.653021295686
169.022366687864	173.628593708511	253.623856755385	291.811247501424
666.229828694665	468.227928935247	521.384125198774	742.367813643622
219.729076694224	217.747334732805	116.417508018865	134.816796345658
135.217893350292	81.1215560769272	73.1767193261437	131.315061375641
1593.03580603312	1632.39341789887	1719.65290416438	1463.72521746714
112.68157779191	135.202593461545	87.3131310141488	104.46842660551
202.826840025437	172.205408514179	138.037902365226	167.499656065817
78.8771044543367	98.1997784089119	102.28109633086	104.46842660551
325.368055874139	138.04896385021	227.845694265493	221.192925606079
205.643879470235	271.828372117423	139.701009622638	117.891743990575
123.949735571101	183.590890068835	41.5776814353089	56.6113820152762
130.992334183095	25.617333497977	113.922847132746	87.5433742504271
71.8345058423424	119.547556323893	98.1233281873291	67.7002094203303
77.4685847319379	142.318519433206	130.55391970687	124.311591435606
205.643879470235	120.970741518225	49.0616640936646	65.9493419353217
156.345689186275	187.860445651831	132.217026964282	145.905623750712
136.62641307269	166.512667736851	43.2407886927213	91.0451092204442
209.869438637432	116.701185935229	128.890812449458	102.133936625498
90.1452622335277	142.318519433206	148.0165459097	77.6217918353787
154.937169463876	160.819926959522	818.24877064688	424.877176362073
30.9874338927751	42.6955558299617	791.639054528282	744.11868112863
30.9874338927751	226.286445898797	78.1660410983808	107.970161575527
95.7793411231232	113.854815546565	231.171908780318	277.804307621355
84.5111833439322	166.512667736851	136.374795107813	147.072868740717
662.004269527469	540.810373846182	620.339007014809	616.305354723007
681.723545641053	698.78393041704	351.747184942714	436.54962626213
7.04259861199435	76.8520004939311	102.28109633086	113.806386525555
90.1452622335277	109.585259963568	168.805386627354	119.642611475584
92.9623016783254	122.393926712557	115.585954390159	122.560723950598
376.074765880498	335.871705862365	403.303509922497	552.106880272693
22.5363155583819	153.704000987862	201.235978146895	110.888274050541
18.3107563911853	48.3882966072899	128.890812449458	74.1200568653616
49.2981902839604	65.4665189392746	97.2917745586229	91.0451092204442
138.034932795089	130.933037878549	67.3558439252005	87.5433742504271
26.7618747255785	167.935852931183	157.163635825468	130.731438880638
95.7793411231232	126.663482295553	474.817121991228	526.427490492568
70.4259861199435	159.39674176519	133.880134221695	200.766138280979
90.1452622335277	118.124371129561	83.1553628706179	89.2942417354356
104.230459457516	256.17333497977	79.8291483557932	80.5399043103929
87.3282227887299	81.1215560769272	217.867050721019	166.332411075811
121.132696126303	108.162074769236	59.8718612668449	70.0346994003417
67.6089466751458	83.9679264655913	182.110244686653	169.834146045829
1019.76827901678	1199.74511882192	1470.18681555252	1354.58781090161
166.205327243067	244.787853425114	80.6607019844994	82.2907717954015
849.337392606519	1040.34837705673	1426.9460268598	1179.50106240075
125.358255293499	109.585259963568	343.431648655652	244.537825406193
176.064965299859	119.547556323893	251.960749497972	232.281753011133
132.400853905494	214.900964344141	105.607310845685	112.055519040547
322.551016429341	331.602150279369	251.960749497972	228.196395546113
1893.05050690408	1685.05127008915	2685.08666709225	2090.5357771002
101.413420012719	88.2374820485875	181.278691057947	124.311591435606
87.3282227887299	78.2751856882631	91.4708991576797	79.3726593203872
61.9748677855503	101.046148797576	107.270418103097	70.6183218953445
288.746543091768	167.935852931183	107.270418103097	127.229703910621
354.946970044515	293.176150032404	206.225299919132	222.360170596085
47.8896705615616	45.5419262186258	83.9869164993241	119.642611475584
256.350589476594	165.089482542519	440.723423214275	427.795288837087
169.022366687864	183.590890068835	191.257334602421	210.104098201025
522.560817009981	214.900964344141	562.961806634083	506.584325662471
67.6089466751458	82.5447412712593	87.3131310141488	67.1165869253274
133.809373627893	108.162074769236	128.890812449458	80.5399043103929
164.796807520668	172.205408514179	69.850504811319	100.966691635493
176.064965299859	173.628593708511	67.3558439252005	95.1304666854641
156.345689186275	157.973556570858	59.8718612668449	74.1200568653616
87.3282227887299	74.0056301052669	88.9762382715611	75.8709243503701
42.2555916719661	108.162074769236	138.037902365226	102.133936625498
222.546116139021	213.477779149808	262.770946671153	253.292162831236
243.673911975005	203.515482789484	194.583549117246	234.032620496142
1226.82067820942	1232.47837829156	1620.69802234834	1406.53021295686
33.8044733375729	230.556001481793	52.3878786084893	74.7036793603644
139.443452517488	203.515482789484	94.7971136725044	59.5294944902904
129.583814460696	185.014075263167	57.3772003807263	50.1915345702449
809.89884037935	508.077114376544	653.601152163057	732.446231228573
107.047498902314	111.0084451579	157.995189454174	128.396948900626
388.751443382088	342.987631834026	149.679653167112	262.630122751281
149.30309057428	138.04896385021	61.5349685242572	72.9528118753559
95.7793411231232	125.240297101221	83.9869164993241	74.1200568653616
122.541215848702	68.3128893279387	136.374795107813	95.7140891804669
7.04259861199435	64.0433337449425	97.2917745586229	90.4614867254413
173.247925855061	115.278000740897	93.9655600437982	103.301181615504
247.899471142201	217.747334732805	331.789897853765	370.016661831805
95.7793411231232	142.318519433206	136.374795107813	73.5364343703587
98.5963805679209	207.78503837248	119.74372253369	121.393478960592
108.456018624713	214.900964344141	53.2194322371954	68.2838319153331
35.2129930599718	143.741704627538	128.890812449458	112.055519040547
83.1026636215333	145.16488982187	147.184992280994	156.994451155766
142.260491962286	82.5447412712593	29.9359306334224	71.2019443903474
76.060065009539	182.167704874503	69.850504811319	77.0381693403758
233.814273918212	145.16488982187	117.249061647571	187.342820895914
185.924603356651	214.900964344141	125.564597934633	151.74184870074
152.120130019078	166.512667736851	140.532563251344	153.492716185749
211.27795835983	101.046148797576	92.3024527863859	92.7959767054527
1332.45965738933	878.105264902879	1507.6067288443	1339.41362603153
53.5237494511571	66.8897041336067	172.131601142179	147.65649123572
376.074765880498	382.836817275323	306.84328899258	338.501047101651
92.9623016783254	68.3128893279387	104.775757216979	86.3761292604214
245.082431697403	224.863260704465	258.613178527622	290.060380016415
1033.85347624077	959.226820979806	1486.81788812665	1121.13881290047
370.440686990903	249.05740900811	304.348628106461	328.579464686603
19.7192761135842	85.3911116599234	113.922847132746	107.386539080524
550.731211457958	377.144076497995	1121.76584512464	723.69189380353
47.8896705615616	58.3505929676143	177.952476543122	138.902153810678
202.826840025437	227.709631093129	281.896680131395	240.452467941173
352.129930599717	268.982001728759	211.214621691369	228.780018041116
281.703944479774	165.089482542519	123.069937048514	154.076338680752
356.355489766914	384.260002469655	340.936987769533	445.887586182175
91.5537819559265	125.240297101221	100.617989073448	120.226233970587
104.230459457516	253.326964591106	91.4708991576797	118.475366485578
170.430886410263	76.8520004939311	91.4708991576797	76.454546845373
200.00980058064	200.66911240082	86.4815773854426	63.0312294603075
1178.93100764785	1051.73385861139	1365.41105833555	1110.04998549542
152.120130019078	263.28926095143	113.09129350404	97.4649566654755
80.2856241767356	41.2723706356296	127.227705192045	84.6252617754128
50.7067100063593	27.0405186923091	110.596632617922	72.369189380353
322.551016429341	314.523927947384	660.253581192706	535.181827917611
515.518218397986	485.306151267231	642.790954989876	700.930616498419
185.924603356651	163.666297348187	167.973832998648	188.51006588592
132.400853905494	202.092297595152	53.2194322371954	52.5260245502562
187.33312307905	183.590890068835	146.353438652287	188.51006588592
129.583814460696	112.431630352232	359.231167601069	151.158226205737
254.942069754195	143.741704627538	188.762673716303	185.591953410905
66.2004269527469	69.7360745222708	86.4815773854426	88.1269967454299
536.646014233969	425.532373105285	527.205000599717	564.362952667753
238.039833085409	165.089482542519	244.476766839617	290.644002511418
223.95463586142	101.046148797576	79.8291483557932	99.215824150484
195.784241413443	142.318519433206	126.396151563339	156.994451155766
221.137596416623	227.709631093129	215.3723898349	319.241504766557
288.746543091768	146.588075016202	314.327271650936	515.922285582517
184.516083634252	68.3128893279387	149.679653167112	304.650942391486
129.583814460696	196.399556817824	60.7034148955511	20.4267873250996
164.796807520668	132.356223072881	113.922847132746	57.195004510279
25.3533550031797	71.1592597166028	98.9548818160353	65.9493419353217
378.891805325296	118.124371129561	79.8291483557932	120.809856465589
1725.43665993862	1408.95334238874	1807.79758880723	1750.86748500854
578.901605905936	355.796298583014	449.870513130043	536.932695402619
22.5363155583819	86.8142968542555	88.9762382715611	136.567663830666
1352.17893350292	1386.18237927942	1839.39662669807	1682.00003059821
301.423220593358	220.593705121469	256.118517641503	190.260933370928
30.9874338927751	52.6578521902861	90.6393455289735	75.8709243503701
147.894570851881	210.631408761144	59.8718612668449	44.3553096202164
122.541215848702	212.054593955476	77.3344874696746	70.6183218953445
70.4259861199435	62.6201485506105	99.7864354447415	102.717559120501
157.754208908673	142.318519433206	435.734101442038	369.433039336802
22.5363155583819	29.8868890809732	193.75199548854	185.591953410905
52.1152297287582	126.663482295553	166.310725741236	181.506595945885
45.0726311167638	62.6201485506105	103.944203588272	112.639141535549
219.729076694224	216.324149538473	150.511206795818	144.154756265703
164.796807520668	103.89251918624	135.543241479107	116.724499000569
157.754208908673	187.860445651831	201.235978146895	263.797367741287
169.022366687864	118.124371129561	53.2194322371954	67.7002094203303
101.413420012719	246.211038619446	76.5029338409685	68.867454410336
98.5963805679209	172.205408514179	190.425780973715	116.724499000569
163.388287798269	189.283630846164	52.3878786084893	65.3657194403189
36.6215127823706	93.9302228259157	143.858777766169	124.311591435606
95.7793411231232	62.6201485506105	148.848099538406	159.91256363078
67.6089466751458	96.7765932145798	232.83501603773	241.619712931179
71.8345058423424	37.0028150526335	397.482634521554	455.809168597224
92.9623016783254	85.3911116599234	523.047232456187	289.476757521412
412.696278662869	362.912224554674	628.654543301871	595.878567397907
12.6766775015898	51.234666995954	132.217026964282	69.4510769053388
171.839406132662	166.512667736851	80.6607019844994	82.8743942904043
195.784241413443	106.738889574904	64.861183039082	96.2977116754698
345.087331987723	125.240297101221	69.0189511826128	104.46842660551
95.7793411231232	88.2374820485875	134.711687850401	106.802916585521
795.813643155362	434.071484271277	476.48022924864	555.60861524271
325.368055874139	217.747334732805	143.027224137463	171.001391035834
115.498617236707	182.167704874503	217.867050721019	111.471896545544
236.63131336301	266.135631340095	566.288021148908	461.645393547252
211.27795835983	229.132816287461	119.74372253369	139.48577630568
92.9623016783254	119.547556323893	168.805386627354	176.837615985863
142.260491962286	139.472149044542	63.1980757816696	89.2942417354356
87.3282227887299	72.5824449109349	84.8184701280302	66.5329644303246
753.558051483395	576.390003704483	755.05069486521	813.569758033969
160.571248353471	101.046148797576	66.5242902964943	93.9632216954584
107.047498902314	71.1592597166028	138.869455993932	143.5711337707
509.884139508391	479.613410489903	1467.69215466641	992.15824150484
670.455387861862	526.578521902861	684.368636425185	630.895917098078
639.467953969087	661.781115364406	651.106491276938	897.027774819376
115.498617236707	179.321334485839	78.1660410983808	56.6113820152762
46.4811508391627	170.782223319847	182.941798315359	183.257463430894
61.9748677855503	153.704000987862	225.351033379374	231.114508021127
136.62641307269	128.086667489885	90.6393455289735	93.9632216954584
209.869438637432	125.240297101221	133.880134221695	188.51006588592
136.62641307269	217.747334732805	46.567003207546	47.2734220952306
52.1152297287582	9.9622963603244	83.1553628706179	74.7036793603644
109.864538347112	125.240297101221	155.500528568055	132.482306365646
81.6941438991345	135.202593461545	128.059258820752	91.628731715447
225.363155583819	189.283630846164	39.0830205491904	52.5260245502562
1062.02387068875	974.881858117459	1083.51437820415	1159.65789757066
61.9748677855503	96.7765932145798	120.575276162396	151.158226205737
130.992334183095	341.564446639694	201.235978146895	231.69813051613
214.094997804628	118.124371129561	117.249061647571	104.46842660551
118.315656681505	95.3534080202478	88.9762382715611	49.607912075242
226.771675306218	240.518297842118	212.877728948782	255.043030316244
204.235359747836	88.2374820485875	102.28109633086	78.7890368253844
169.022366687864	185.014075263167	332.621451482472	304.067319896483
146.486051129482	119.547556323893	48.2301104649584	75.2873018553673
74.6515452871401	132.356223072881	228.677247894199	189.093688380922
619.748677855503	379.990446886659	276.907358359158	344.920894546683
194.375721691044	122.393926712557	83.9869164993241	103.884804110507
139.443452517488	105.315704380572	136.374795107813	134.233173850655
25.3533550031797	105.315704380572	84.8184701280302	65.9493419353217
192.967201968645	111.0084451579	103.112649959566	127.813326405624
76.060065009539	113.854815546565	94.7971136725044	82.8743942904043
166.205327243067	206.361853178148	144.690331394875	146.489246245715
114.090097514308	210.631408761144	59.0403076381387	81.7071493003986
150.711610296679	105.315704380572	78.997594727087	69.4510769053388
63.3833875079491	126.663482295553	83.1553628706179	80.5399043103929
394.385522271684	210.631408761144	542.172965916429	441.802228717155
88.7367425111288	91.0838524372516	89.8077919002673	124.895213930609
104.230459457516	9.9622963603244	111.428186246628	124.311591435606
105.638979179915	28.4637038866411	88.144684642855	78.7890368253844
608.480520076312	365.758594943339	494.774409080176	515.922285582517
1143.71801458788	907.992153983852	1131.74448866911	1105.38100553539
1753.60705438659	2694.08957287058	1056.90466208555	978.151301624772
260.576148643791	139.472149044542	319.316593423173	290.644002511418
993.006404291203	508.077114376544	281.065126502688	367.682171851794
184.516083634252	196.399556817824	35.7568060343657	37.3518396801822
278.886905034976	404.184595190304	69.850504811319	92.7959767054527
77.4685847319379	89.6606672429196	131.385473335576	179.755728460877
226.771675306218	133.779408267213	128.059258820752	167.499656065817
623.974237022699	597.737781619464	922.192974235152	808.317155578943
211.27795835983	129.509852684217	635.306972331521	384.607224206876
78.8771044543367	125.240297101221	98.9548818160353	109.137406565532
153.528649741477	206.361853178148	223.687926121962	203.684250755994
691.583183697845	518.039410736869	681.04242191036	590.042342447878
436.64111394365	314.523927947384	177.952476543122	297.063849956449
97.187860845522	119.547556323893	99.7864354447415	120.226233970587
112.68157779191	172.205408514179	192.088888231127	145.322001255709
85.9197030663311	69.7360745222708	167.142279369942	133.649551355652
300.014700870959	152.28081579353	89.8077919002673	124.895213930609
21.1277958359831	75.428815299599	129.722366078164	91.0451092204442
198.601280858241	266.135631340095	545.499180431253	476.235955922323
207.052399192634	547.926299817842	270.254929329508	126.062458920615
150105.946816048	254306.116004807	26858.3506535809	23462.2079216095
36.6215127823706	56.9274077732823	98.9548818160353	124.895213930609
211.27795835983	325.909409502041	380.020008318724	336.16655712164
74.6515452871401	105.315704380572	107.270418103097	76.454546845373
122.541215848702	261.866075757098	81.4922556132055	100.38306914049
129.583814460696	105.315704380572	82.3238092419117	87.5433742504271
323.95953615174	305.984816781392	321.811254309291	528.76198047258
939.482654840046	1011.88467317009	1476.00769095347	1187.08815483579
850.745912328917	1344.91000864379	434.070994184625	204.851495745999
157.754208908673	112.431630352232	293.538430933281	244.537825406193
154.937169463876	266.135631340095	98.9548818160353	105.635671595515
140.851972239887	83.9679264655913	92.3024527863859	65.9493419353217
52.1152297287582	103.89251918624	113.922847132746	143.5711337707
373.257726435701	145.16488982187	124.733044305927	260.879255266273
90.1452622335277	196.399556817824	98.9548818160353	60.6967394802961
115.498617236707	155.127186182194	144.690331394875	95.1304666854641
276.069865590178	138.04896385021	130.55391970687	103.301181615504
105.638979179915	113.854815546565	282.728233760101	183.257463430894
35.2129930599718	106.738889574904	138.869455993932	84.6252617754128
449.317791445239	250.480594202442	661.085134821412	479.73769089234
70.4259861199435	150.857630599198	92.3024527863859	108.55378407053
56.3407888959548	82.5447412712593	137.20634873652	95.1304666854641
507.067100063593	475.343854906907	944.644922210219	698.596126518408
611.29755952111	424.109187910953	498.932177223707	502.498968197451
263.393188088589	294.599335226736	246.971427725735	220.609303111076
74.6515452871401	111.0084451579	149.679653167112	93.3795992004555
92.9623016783254	253.326964591106	538.846751401604	309.319922351509
43.664111394365	112.431630352232	89.8077919002673	82.8743942904043
78.8771044543367	183.590890068835	64.861183039082	71.7855668853502
216.912037249426	325.909409502041	107.270418103097	497.829988237429
38.0300325047695	78.2751856882631	119.74372253369	113.806386525555
85.9197030663311	250.480594202442	129.722366078164	168.08327856082
823.984037603339	648.972448615418	1650.63395298177	1219.77101455595
204.235359747836	249.05740900811	196.246656374658	1010.25053884993
153.528649741477	102.469333991908	80.6607019844994	54.8605145302676
629.608315912295	277.521112894751	808.270127102406	690.425411588368
225.363155583819	223.440075510133	147.184992280994	155.82720616576
295.789141703763	381.413632080991	429.913226041094	326.244974706592
211.27795835983	183.590890068835	116.417508018865	188.51006588592
143.669011684685	89.6606672429196	94.7971136725044	65.9493419353217
57.7493086183537	91.0838524372516	86.4815773854426	123.144346445601
308.465819205352	229.132816287461	238.655891438673	231.114508021127
484.530784505211	573.543633315819	662.748242078825	590.625964942881
209.869438637432	49.811481801622	76.5029338409685	138.902153810678
247.899471142201	200.66911240082	141.36411688005	236.950732971156
1870.5141913457	1316.44630475715	1569.97325099727	1345.83347347657
16.9022366687864	138.04896385021	133.880134221695	97.4649566654755
264.801707810988	149.434445404866	298.527752705518	296.480227461446
1262.03367126939	1213.97697076524	1605.73005703163	1672.07844818316
290.155062814167	379.990446886659	2171.18652455183	773.299805878773
98.5963805679209	167.935852931183	123.901490677221	94.5468441904612
435.232594221251	330.178965085037	380.85156194743	481.488558377349
114.090097514308	202.092297595152	59.0403076381387	50.7751570652477
1346.54485461332	1292.25215645351	1037.77892862531	1069.19641084522
100.00490029032	118.124371129561	82.3238092419117	104.46842660551
157.754208908673	156.550371376526	178.784030171828	232.865375506136
115.498617236707	86.8142968542555	62.3665221529634	92.2123542104498
60.5663480631514	109.585259963568	136.374795107813	95.7140891804669
252.125030309398	125.240297101221	66.5242902964943	95.1304666854641
188.741642801449	236.248742259121	78.997594727087	78.7890368253844
169.022366687864	59.7737781619464	123.069937048514	94.5468441904612
208.460918915033	91.0838524372516	76.5029338409685	123.144346445601
102.821939735118	54.0810373846181	116.417508018865	92.2123542104498
194.375721691044	240.518297842118	122.238383419808	181.506595945885
656.370190637873	462.535188157918	516.394803426537	748.787661088653
942.299694284844	784.175042076963	1359.5901829346	1171.33034747071
212.686478082229	227.709631093129	279.402019245276	200.766138280979
114.090097514308	119.547556323893	313.495718022229	212.438588181036
187.33312307905	125.240297101221	618.675899757397	346.671762031691
53.5237494511571	183.590890068835	54.8825394946078	73.5364343703587
240.856872530207	133.779408267213	429.081672412388	441.802228717155
577.493086183537	387.106372858319	993.706586303884	947.802931884624
170.430886410263	224.863260704465	687.69485094001	444.136718697167
129.583814460696	256.17333497977	86.4815773854426	105.052049100512
67.6089466751458	105.315704380572	130.55391970687	85.7925067654185
76.060065009539	219.170519927137	84.8184701280302	91.628731715447
84.5111833439322	260.442890562766	103.944203588272	92.7959767054527
464.811508391627	488.152521655895	1141.72313221358	1250.7030067911
1045.12163401996	667.473856141735	365.052043002013	588.875097457873
122.541215848702	106.738889574904	233.666569666436	213.022210676039
108.456018624713	180.744519680171	86.4815773854426	65.3657194403189
47.8896705615616	209.208223566812	80.6607019844994	58.9458719952876
109.864538347112	64.0433337449425	199.572870889483	114.973631515561
53.5237494511571	91.0838524372516	99.7864354447415	79.3726593203872
1029.62791707357	718.708523137689	1062.7255374865	933.795992004556
194.375721691044	62.6201485506105	35.7568060343657	77.6217918353787
176.064965299859	140.895334238874	120.575276162396	111.471896545544
61.9748677855503	54.0810373846181	85.6500237567364	80.5399043103929
128.175294738297	217.747334732805	45.7354495788398	51.3587795602506
950.750812619237	913.68489476118	1372.8950409939	1239.61417938605
1271.89330932618	1041.77156225107	1157.522651159	1180.08468489576
53.5237494511571	157.973556570858	106.438864474391	70.0346994003417
4.22555916719661	65.4665189392746	97.2917745586229	80.5399043103929
73.2430255647412	85.3911116599234	93.9655600437982	72.9528118753559
364.806608101307	411.300521161964	787.481286384751	618.056222208015
61.9748677855503	120.970741518225	95.6286673012106	121.977101455595
187.33312307905	254.750149785438	68.1873975539067	74.1200568653616
132.400853905494	308.831187170056	93.134006415092	92.2123542104498
280.295424757375	315.947113141717	345.92630954177	325.077729716586
152.120130019078	92.5070376315837	103.112649959566	105.635671595515
143.669011684685	185.014075263167	1009.5061052493	455.809168597224
40.8470719495672	52.6578521902861	125.564597934633	104.46842660551
66.2004269527469	130.933037878549	128.059258820752	75.2873018553673
156.345689186275	202.092297595152	24.1150552324792	61.8639844703018
154.937169463876	246.211038619446	68.1873975539067	70.0346994003417
19.7192761135842	95.3534080202478	203.730639033014	67.1165869253274
157.754208908673	99.622963603244	82.3238092419117	70.6183218953445
763.417689540188	590.621855647803	997.864354447415	894.693284839365
209.869438637432	338.718076251029	26.6097161185977	44.9389321152192
85.9197030663311	204.938667983816	46.567003207546	65.9493419353217
157.754208908673	145.16488982187	58.2087540094325	74.7036793603644
135.217893350292	213.477779149808	139.701009622638	197.264403310962
40.8470719495672	160.819926959522	312.664164393523	356.009721951737
142.260491962286	116.701185935229	77.3344874696746	106.219294090518
2160.66925415987	1655.16438100818	2441.44145388134	1962.13882819957
28.1703944479774	68.3128893279387	243.64521321091	144.154756265703
57.7493086183537	75.428815299599	89.8077919002673	93.3795992004555
60.5663480631514	34.1564446639694	94.7971136725044	78.7890368253844
138.034932795089	233.402371870457	125.564597934633	155.82720616576
412.696278662869	398.491854412976	763.366231152272	691.009034083371
92.9623016783254	44.1187410242938	80.6607019844994	75.2873018553673
742.289893704204	579.236374093147	1185.79547453501	763.378223463724
121.132696126303	204.938667983816	144.690331394875	160.496186125783
80.2856241767356	101.046148797576	103.944203588272	92.2123542104498
115.498617236707	82.5447412712593	85.6500237567364	87.5433742504271
111.273058069511	111.0084451579	205.393746290426	170.417768540831
590.169763685127	586.352300064807	539.67830503031	627.977804623064
169.022366687864	182.167704874503	56.5456467520202	54.2768920352648
126.766775015898	192.130001234828	49.8932177223707	70.0346994003417
146.486051129482	113.854815546565	49.8932177223707	80.5399043103929
121.132696126303	204.938667983816	65.6927366677881	42.6044421352078
38.0300325047695	28.4637038866411	112.259739875334	65.9493419353217
115.498617236707	98.1997784089119	83.1553628706179	47.2734220952306
190.150162523847	301.715261198396	235.329676923849	222.943793091088
114.090097514308	112.431630352232	64.0296294103758	79.3726593203872
107.047498902314	183.590890068835	64.861183039082	68.2838319153331
319.733976984543	490.99889204456	178.784030171828	298.814717441458
1193.01620487184	1095.85259963568	1625.68734412058	1300.89454136135
136.62641307269	177.898149291507	39.9145741778966	49.607912075242
157.754208908673	153.704000987862	68.1873975539067	66.5329644303246
712.710979533828	593.468226036468	944.644922210219	1004.9979363949
54.9322691735559	177.898149291507	80.6607019844994	55.4441370252705
1084.56018624713	808.369190380608	869.805095626663	828.743942904043
46.4811508391627	46.9651114129579	104.775757216979	138.318531315675
163.388287798269	156.550371376526	258.613178527622	246.288692891201
647.91907230348	583.505929676143	1059.39932297167	1014.91951880995
181.699044189454	133.779408267213	103.112649959566	84.6252617754128
84.5111833439322	176.474964097175	92.3024527863859	70.0346994003417
195.784241413443	212.054593955476	33.2621451482472	38.5190846701879
132.400853905494	220.593705121469	139.701009622638	138.318531315675
221.137596416623	103.89251918624	149.679653167112	139.48577630568
160.571248353471	213.477779149808	56.5456467520202	63.0312294603075
90.1452622335277	230.556001481793	85.6500237567364	77.6217918353787
152.120130019078	103.89251918624	86.4815773854426	50.1915345702449
122.541215848702	140.895334238874	188.762673716303	159.328941135777
54.9322691735559	51.234666995954	184.604905572772	121.393478960592
116.907136959106	226.286445898797	207.888407176545	229.363640536119
140.851972239887	209.208223566812	38.2514669204842	32.6828597201594
90.1452622335277	162.243112153854	115.585954390159	68.2838319153331
156.345689186275	148.011260210534	111.428186246628	131.315061375641
729.613216202615	787.021412465627	681.04242191036	786.723123263838
156.345689186275	270.405186923091	59.0403076381387	77.0381693403758
223.95463586142	240.518297842118	72.3451656974376	47.2734220952306
36.6215127823706	145.16488982187	136.374795107813	79.3726593203872
52.1152297287582	142.318519433206	104.775757216979	123.727968940604
130.992334183095	81.1215560769272	84.8184701280302	62.4476069653046
200.00980058064	193.55318642916	88.144684642855	116.724499000569
249.3079908646	156.550371376526	201.235978146895	255.043030316244
243.673911975005	172.205408514179	176.28936928571	208.936853211019
947.933773174439	687.398448862383	438.228762328156	478.570445902335
90.1452622335277	103.89251918624	99.7864354447415	81.7071493003986
115.498617236707	51.234666995954	75.6713802122623	120.809856465589
126.766775015898	173.628593708511	61.5349685242572	80.5399043103929
243.673911975005	315.947113141717	102.28109633086	74.1200568653616
163.388287798269	115.278000740897	310.169503507405	264.38099023629
140.851972239887	118.124371129561	79.8291483557932	105.635671595515
312.691378372549	182.167704874503	190.425780973715	249.206805366216
1649.37659492908	1430.30112030372	1785.34564083217	1424.03888780695
305.648779760555	260.442890562766	241.150552324792	246.288692891201
61.9748677855503	58.3505929676143	83.9869164993241	76.454546845373
119.724176403904	150.857630599198	101.449542702154	148.823736225726
114.090097514308	113.854815546565	57.3772003807263	83.4580167854071
239.448352807808	96.7765932145798	58.2087540094325	74.1200568653616
136.62641307269	193.55318642916	106.438864474391	107.386539080524
187.33312307905	223.440075510133	45.7354495788398	56.0277595202733
115.498617236707	182.167704874503	114.754400761453	130.731438880638
663.412789249868	590.621855647803	553.814716718315	609.301884782972
192.967201968645	179.321334485839	113.922847132746	151.74184870074
54.9322691735559	132.356223072881	93.9655600437982	161.663431115789
763.417689540188	552.195855400838	410.787492580852	137.734908820672
270.435786700583	230.556001481793	202.067531775601	214.773078161048
185.924603356651	128.086667489885	64.861183039082	107.386539080524
116.907136959106	186.437260457499	597.887059039743	490.242895802392
121.132696126303	214.900964344141	104.775757216979	118.475366485578
328.185095318937	362.912224554674	509.742374396888	482.655803367355
243.673911975005	219.170519927137	385.840883719667	290.644002511418
107.047498902314	183.590890068835	83.1553628706179	119.058988980581
126.766775015898	157.973556570858	76.5029338409685	112.639141535549
190.150162523847	135.202593461545	104.775757216979	149.990981215732
169.022366687864	113.854815546565	126.396151563339	111.471896545544
123.949735571101	120.970741518225	66.5242902964943	67.1165869253274
111.273058069511	116.701185935229	131.385473335576	120.226233970587
192.967201968645	85.3911116599234	208.719960805251	196.097158320957
83.1026636215333	259.019705368434	55.714093123314	70.0346994003417
116.907136959106	190.706816040496	40.7461278066028	40.8535746501993
76.060065009539	48.3882966072899	141.36411688005	92.2123542104498
147.894570851881	182.167704874503	62.3665221529634	79.3726593203872
171.839406132662	88.2374820485875	104.775757216979	105.635671595515
105.638979179915	249.05740900811	83.1553628706179	83.4580167854071
238.039833085409	268.982001728759	111.428186246628	144.738378760706
128.175294738297	236.248742259121	74.0082729548499	65.3657194403189
146.486051129482	119.547556323893	122.238383419808	140.653021295686
77.4685847319379	81.1215560769272	131.385473335576	151.158226205737
1652.19363437387	1421.76200913772	2350.80210835237	1735.69330013847
142.260491962286	111.0084451579	80.6607019844994	113.222764030552
0	75.428815299599	242.813659582204	96.8813341704726
526.786376177177	320.216668724713	301.022413591637	409.119368996996
73.2430255647412	219.170519927137	84.8184701280302	76.454546845373
126.766775015898	183.590890068835	49.8932177223707	33.2664822151623
167.613846965466	244.787853425114	75.6713802122623	79.3726593203872
81.6941438991345	46.9651114129579	167.142279369942	96.8813341704726
67.6089466751458	68.3128893279387	80.6607019844994	96.2977116754698
380.300325047695	216.324149538473	829.890521448766	552.106880272693
359.172529211712	296.022520421068	339.273880512121	338.501047101651
49.2981902839604	54.0810373846181	88.144684642855	76.454546845373
143.669011684685	130.933037878549	105.607310845685	142.987511275698
211.27795835983	128.086667489885	301.022413591637	250.374050356221
78.8771044543367	145.16488982187	99.7864354447415	93.9632216954584
150.711610296679	108.162074769236	68.1873975539067	65.9493419353217
98.5963805679209	81.1215560769272	202.067531775601	159.91256363078
181.699044189454	156.550371376526	386.672437348373	246.872315386204
197.192761135842	230.556001481793	271.91803658692	283.640532571384
338.044733375729	247.634223813778	191.257334602421	235.78348798115
225.363155583819	135.202593461545	90.6393455289735	210.687720696028
128.175294738297	199.245927206488	61.5349685242572	64.782096945316
169.022366687864	212.054593955476	159.658296711586	165.748788580809
67.6089466751458	115.278000740897	89.8077919002673	74.7036793603644
119.724176403904	109.585259963568	28.2728233760101	75.2873018553673
105.638979179915	150.857630599198	160.489850340293	140.653021295686
123.949735571101	83.9679264655913	48.2301104649584	88.1269967454299
431.007035054054	331.602150279369	385.840883719667	371.183906821811
104.230459457516	76.8520004939311	113.09129350404	70.6183218953445
45.0726311167638	86.8142968542555	118.080615276277	67.1165869253274
91.5537819559265	189.283630846164	102.28109633086	100.38306914049
114.090097514308	136.625778655877	196.246656374658	219.442058121071
159.162728631072	233.402371870457	78.997594727087	68.867454410336
205.643879470235	123.817111906889	496.437516337589	239.86884544617
163.388287798269	98.1997784089119	459.849156674517	207.769608221014
115.498617236707	130.933037878549	50.7247713510769	73.5364343703587
45.0726311167638	128.086667489885	291.043770047163	148.240113730723
232.405754195814	207.78503837248	140.532563251344	112.055519040547
111.273058069511	244.787853425114	91.4708991576797	89.2942417354356
150.711610296679	176.474964097175	195.415102745952	226.445528061105
83.1026636215333	71.1592597166028	98.9548818160353	117.308121495572
163.388287798269	160.819926959522	83.1553628706179	40.2699521551965
164.796807520668	88.2374820485875	102.28109633086	84.6252617754128
76.060065009539	143.741704627538	97.2917745586229	109.721029060535
29.5789141703763	157.973556570858	94.7971136725044	133.065928860649
100.00490029032	197.822742012156	128.059258820752	143.5711337707
118.315656681505	120.970741518225	78.1660410983808	136.567663830666
188.741642801449	206.361853178148	83.9869164993241	58.9458719952876
100.00490029032	189.283630846164	101.449542702154	144.738378760706
80.2856241767356	209.208223566812	103.112649959566	144.154756265703
184.516083634252	251.903779396774	167.142279369942	78.7890368253844
770.460288152182	1295.09852684217	494.774409080176	430.129778817098
87.3282227887299	76.8520004939311	81.4922556132055	74.1200568653616
694.400223142643	593.468226036468	599.550166297155	560.861217697736
285.929503646971	214.900964344141	289.38066278975	272.55170516633
252.125030309398	162.243112153854	166.310725741236	213.022210676039
11.268157779191	42.6955558299617	187.09956645889	98.0485791604783
618.340158133104	379.990446886659	537.183644144191	528.76198047258
991.597884568804	752.864967801658	1007.01144436318	894.693284839365
136.62641307269	196.399556817824	101.449542702154	60.1131169852933
53.5237494511571	85.3911116599234	103.112649959566	74.1200568653616
192.967201968645	120.970741518225	79.8291483557932	116.724499000569
239.448352807808	197.822742012156	72.3451656974376	84.04163928041
180.290524467055	210.631408761144	354.241845828832	353.091609476723
139.443452517488	93.9302228259157	88.144684642855	77.6217918353787
223.95463586142	130.933037878549	114.754400761453	138.318531315675
522.560817009981	277.521112894751	275.244251101745	377.020131771839
692.991703420244	774.212745716639	1420.29359783015	972.315076674743
1098.64538347112	565.004522149826	495.605962708883	588.875097457873
129.583814460696	280.367483283415	78.1660410983808	72.9528118753559
187.33312307905	106.738889574904	156.332082196762	88.7106192404328
40.8470719495672	74.0056301052669	98.9548818160353	95.1304666854641
157.754208908673	172.205408514179	81.4922556132055	54.8605145302676
28.1703944479774	86.8142968542555	208.719960805251	249.206805366216
160.571248353471	291.752964838072	610.360363470335	419.624573907047
431.007035054054	500.961188404884	1686.39075901613	992.15824150484
246.490951419802	128.086667489885	158.82674308288	187.926443390917
191.558682246246	170.782223319847	165.47917211253	201.349760775982
159.162728631072	76.8520004939311	115.585954390159	144.154756265703
129.583814460696	145.16488982187	117.249061647571	139.48577630568
260.576148643791	143.741704627538	98.1233281873291	215.356700656051
81.6941438991345	119.547556323893	98.1233281873291	74.1200568653616
159.162728631072	220.593705121469	62.3665221529634	35.0173497001708
112.68157779191	72.5824449109349	88.9762382715611	111.471896545544
122.541215848702	180.744519680171	151.342760424525	141.236643790689
114.090097514308	192.130001234828	59.8718612668449	38.5190846701879
170.430886410263	163.666297348187	119.74372253369	165.165166085806
122.541215848702	256.17333497977	98.1233281873291	71.2019443903474
194.375721691044	82.5447412712593	51.5563249797831	71.2019443903474
629.608315912295	476.767040101239	705.989030771546	692.176279073377
152.120130019078	192.130001234828	32.430591519541	25.0957672851224
92.9623016783254	83.9679264655913	863.98422022572	980.485791604783
146.486051129482	176.474964097175	62.3665221529634	74.7036793603644
139.443452517488	180.744519680171	39.0830205491904	28.5975022551395
60.5663480631514	175.051778902843	85.6500237567364	81.1235268053958
2049.39619609036	1983.92016089889	2902.12216418456	2375.34355466159
116.907136959106	25.617333497977	29.1043770047163	69.4510769053388
184.516083634252	85.3911116599234	82.3238092419117	53.1096470452591
119.724176403904	243.364668230782	82.3238092419117	56.6113820152762
98.5963805679209	163.666297348187	85.6500237567364	89.8778642304385
164.796807520668	140.895334238874	244.476766839617	210.687720696028
60.5663480631514	98.1997784089119	288.549109161044	285.975022551395
42.2555916719661	58.3505929676143	102.28109633086	79.9562818153901
126.766775015898	109.585259963568	113.09129350404	114.390009020558
181.699044189454	230.556001481793	98.1233281873291	113.222764030552
232.405754195814	180.744519680171	129.722366078164	152.909093690746
140.851972239887	138.04896385021	72.3451656974376	71.7855668853502
36.6215127823706	153.704000987862	92.3024527863859	72.369189380353
829.618116492934	1058.84978458305	875.625971027606	864.344915099217
133.809373627893	103.89251918624	152.174314053231	144.738378760706
153.528649741477	66.8897041336067	198.741317260777	165.165166085806
200.00980058064	166.512667736851	143.027224137463	161.079808620786
64.791907230348	133.779408267213	157.163635825468	130.731438880638
849.337392606519	732.940375081009	1588.2674308288	1161.40876505567
8.45111833439322	153.704000987862	317.65348616576	140.069398800683
135.217893350292	206.361853178148	63.1980757816696	54.8605145302676
73.2430255647412	44.1187410242938	130.55391970687	83.4580167854071
101.413420012719	267.558816534427	184.604905572772	206.018740736005
94.3708214007243	102.469333991908	86.4815773854426	121.977101455595
1394.43452517488	1447.3793426357	1912.57334602421	1770.71064983864
123.949735571101	173.628593708511	129.722366078164	204.851495745999
43.664111394365	128.086667489885	115.585954390159	132.482306365646
56.3407888959548	59.7737781619464	107.270418103097	68.867454410336
159.162728631072	246.211038619446	166.310725741236	156.410828660763
187.33312307905	338.718076251029	88.9762382715611	137.734908820672
254.942069754195	227.709631093129	151.342760424525	197.264403310962
678.906506196255	536.540818263185	886.436168200787	865.512160089222
285.929503646971	101.046148797576	258.613178527622	194.346290835948
136.62641307269	76.8520004939311	60.7034148955511	67.1165869253274
130.992334183095	132.356223072881	62.3665221529634	70.6183218953445
118.315656681505	230.556001481793	77.3344874696746	65.3657194403189
39.4385522271684	66.8897041336067	136.374795107813	108.55378407053
135.217893350292	59.7737781619464	83.1553628706179	58.9458719952876
49.2981902839604	207.78503837248	211.214621691369	267.882725206307
81.6941438991345	109.585259963568	192.088888231127	91.0451092204442
576.084566461138	364.335409749006	523.047232456187	618.639844703018
16.9022366687864	44.1187410242938	198.741317260777	143.5711337707
166.205327243067	177.898149291507	129.722366078164	147.072868740717
122.541215848702	95.3534080202478	94.7971136725044	112.639141535549
157.754208908673	213.477779149808	111.428186246628	91.628731715447
216.912037249426	249.05740900811	68.1873975539067	42.020819640205
139.443452517488	59.7737781619464	119.74372253369	107.970161575527
239.448352807808	150.857630599198	154.668974939349	217.107568141059
50.7067100063593	65.4665189392746	468.996246590285	349.589874506705
81.6941438991345	128.086667489885	96.4602209299167	107.970161575527
643.693513136284	493.845262433224	2385.72736075803	1737.44416762348
259.167628921392	128.086667489885	156.332082196762	208.353230716016
166.205327243067	203.515482789484	138.869455993932	183.257463430894
80.2856241767356	109.585259963568	88.9762382715611	75.2873018553673
142.260491962286	136.625778655877	121.406829791102	104.46842660551
97.187860845522	95.3534080202478	138.869455993932	164.581543590803
77.4685847319379	187.860445651831	98.1233281873291	46.1061771052249
87.3282227887299	111.0084451579	116.417508018865	98.6322016554812
154.937169463876	138.04896385021	212.046175320076	191.428178360934
150.711610296679	204.938667983816	179.615583800535	178.004860975868
161.97976807587	128.086667489885	171.300047513473	189.093688380922
277.478385312577	162.243112153854	192.088888231127	277.804307621355
363.398088378908	291.752964838072	367.546703888131	448.805698657189
50.7067100063593	103.89251918624	89.8077919002673	66.5329644303246
183.107563911853	92.5070376315837	123.901490677221	138.318531315675
143.669011684685	64.0433337449425	133.048580592989	77.0381693403758
300.014700870959	125.240297101221	112.259739875334	162.830676105794
135.217893350292	41.2723706356296	75.6713802122623	97.4649566654755
331.002134763734	237.671927453453	379.188454690018	382.856356721868
664.821308972267	425.532373105285	468.996246590285	448.805698657189
352.129930599717	216.324149538473	169.63694025606	316.907014786546
95.7793411231232	187.860445651831	106.438864474391	76.454546845373
209.869438637432	150.857630599198	101.449542702154	138.902153810678
152.120130019078	180.744519680171	53.2194322371954	70.0346994003417
173.247925855061	91.0838524372516	100.617989073448	93.9632216954584
321.142496706942	72.5824449109349	220.361711607137	178.588483470871
98.5963805679209	267.558816534427	182.941798315359	29.1811247501424
169.022366687864	138.04896385021	240.318998696086	208.936853211019
52.1152297287582	75.428815299599	134.711687850401	140.653021295686
307.057299482954	569.274077732823	279.402019245276	150.574603710735
115.498617236707	175.051778902843	86.4815773854426	53.6932695402619
188.741642801449	202.092297595152	70.6820584400252	71.7855668853502
684.540585085851	751.441782607326	1038.61048225402	931.461502024544
226.771675306218	109.585259963568	187.931120087596	220.025680616073
308.465819205352	157.973556570858	325.969022452822	293.562114986432
123.949735571101	190.706816040496	71.5136120687314	112.055519040547
414.104798385268	429.801928688281	671.895331994593	556.775860232716
42.2555916719661	49.811481801622	100.617989073448	94.5468441904612
66.2004269527469	105.315704380572	105.607310845685	96.8813341704726
177.473485022258	71.1592597166028	75.6713802122623	85.7925067654185
95.7793411231232	128.086667489885	101.449542702154	116.140876505567
177.473485022258	193.55318642916	44.0723423214275	37.3518396801822
